[Mean spearmanr for sents of len 5-50]
0.790225059996257

[UUAS]
0.534181587634726

[SPEARMANR]
sent_len	mean_spearmanr
2	0.9999999999999998
3	0.8217370533432615
4	0.7354817040722524
5	0.690676639262828
6	0.7288742917397514
7	0.7606411075659386
8	0.7465350756885473
9	0.7892275314963044
10	0.7835904788336532
11	0.7851722099938465
12	0.7875652944086281
13	0.80661800777688
14	0.7771653914481218
15	0.7877502498373111
16	0.7998337598671847
17	0.8032917104704816
18	0.7973323821555366
19	0.802830895444672
20	0.7954521536968641
21	0.800269313697242
22	0.8075391723748904
23	0.8048036914591886
24	0.8053322717246707
25	0.8121787550060917
26	0.8011793549864507
27	0.8110543137916555
28	0.818489494845616
29	0.8107525513157318
30	0.7986966805096222
31	0.8127356018430727
32	0.8096464818737164
33	0.8064420669781769
34	0.8213720419362252
35	0.7958582456370871
36	0.7987868303464283
37	0.8019375335102371
38	0.8032776807289707
39	0.7973684545856077
40	0.7978665737762342
41	0.7825571392671469
42	0.789203231160469
43	0.7737411095556092
44	0.7921232287115388
45	0.8025753976616158
46	0.796602719636514
47	0.7737573642759761
48	0.783357842379548
49	0.734964395962751
50	0.7633260406031969
51	0.8273409097826208
52	0.7742789602832195
53	0.7672051743114954
54	0.7313585975110236
55	0.7409898156242897
56	0.6844461493682507
57	0.7127934076814441
58	0.7323727471452167
59	0.7108072165541831
60	0.36459550722563816
61	0.6592604415400555
62	0.8036096122698787
63	0.7855865479317409
64	0.6420763164368808
65	0.754304138970341
66	0.7670371307928949
67	0.6253573873307657
69	0.6880330249563142
90	0.48439283812275585
116	0.4786164533786865
118	0.4259614476551429

[EPOCH LOSSES]
0
1
2
3
4
5
6
7
8
9
10
11
12
13
14
15
16
17
18
19

[SETTINGS]
ROOT_PATH	C:\Program Files\Python311\Lib\site-packages\thehow\dependency_probe
MODEL_NAME	bert_large_uncased
MODEL_PATH	D:\transformers\bert\bert_large_uncased
MODEL_NLAYER	24
NDIM_TOKEN_EMBEDDING	1024
MODEL_CUDA	False
ONSITE_EMBEDDINGS	False
HIDDEN_LAYER	15
ONSITE_PROBES	True
LEARNING_RATE	0.001
PROBE_RANK	8
PROBE_CUDA	False
BATCH_SIZE	100
PROBE_SAVEPATH	C:\Program Files\Python311\Lib\site-packages\thehow\dependency_probe\probes
EPOCHS	20
PROBE_LOSS_POW	2
CONLL_ALIAS	wsj
CONLL_PATH	C:\Program Files\Python311\Lib\site-packages\thehow\dependency_probe\datasets\conll\wsj
TRAIN_CONLL_PATH	C:\Program Files\Python311\Lib\site-packages\thehow\dependency_probe\datasets\conll\wsj\en_wsj-ud-train.conllu
DEV_CONLL_PATH	C:\Program Files\Python311\Lib\site-packages\thehow\dependency_probe\datasets\conll\wsj\en_wsj-ud-dev.conllu
TEST_CONLL_PATH	C:\Program Files\Python311\Lib\site-packages\thehow\dependency_probe\datasets\conll\wsj\en_wsj-ud-test.conllu
DEPD_DIRECTED	False
DATASET_PKL_PATH	C:\Program Files\Python311\Lib\site-packages\thehow\dependency_probe\datasets\pkl
REPORTS_PATH	C:\Program Files\Python311\Lib\site-packages\thehow\dependency_probe\reports
METHOD	pairwisedepd
