[Mean spearmanr for sents of len 5-50]
0.7913705333972224

[UUAS]
0.5287706871297085

[SPEARMANR]
sent_len	mean_spearmanr
2	0.9999999999999998
3	0.8307460623522706
4	0.7243810429766135
5	0.6693932022841085
6	0.7185453124290333
7	0.765781141132699
8	0.7304006774163222
9	0.7792106796718133
10	0.7724561166369287
11	0.7775484193865948
12	0.7919250242868544
13	0.8081601921063708
14	0.7807128677167825
15	0.7882213584925072
16	0.7982959549188091
17	0.8064058244347592
18	0.8020325588708785
19	0.8057137544681006
20	0.7971555755420171
21	0.8004610634292668
22	0.8091556024917467
23	0.8046494334994866
24	0.8068764129139523
25	0.8136921667238736
26	0.8075054003517308
27	0.8103053386985827
28	0.8190100780766838
29	0.8146770265006087
30	0.8004693855510336
31	0.816685380721869
32	0.8129515660340155
33	0.8100075413790075
34	0.8241392936690104
35	0.8017334462847056
36	0.8050566152725603
37	0.8088182407949133
38	0.8067256209077399
39	0.8003163813571431
40	0.8031438146963177
41	0.7862087451240288
42	0.7903862561635071
43	0.7800901164996188
44	0.8010798482562852
45	0.807316182527911
46	0.8012779281149202
47	0.7802277585484919
48	0.7795456424701823
49	0.7381025819538052
50	0.7704710074646574
51	0.8293206935360984
52	0.7851601212620616
53	0.7835736812067184
54	0.7328954239764272
55	0.7425335825083065
56	0.6853074943635185
57	0.7184039129048574
58	0.7246681764193089
59	0.7132154428780042
60	0.3804513830737576
61	0.6564295439077352
62	0.8299832801010735
63	0.7804436699965293
64	0.6380637667861142
65	0.7449294558492195
66	0.8033949237800618
67	0.6388051822371063
69	0.6909106044790185
90	0.4784896283629996
116	0.490091126063829
118	0.4208706410256794

[EPOCH LOSSES]
0
1
2
3
4
5
6
7
8
9
10
11
12
13
14
15
16
17
18
19

[SETTINGS]
ROOT_PATH	C:\Program Files\Python311\Lib\site-packages\thehow\dependency_probe
MODEL_NAME	bert_large_uncased
MODEL_PATH	D:\transformers\bert\bert_large_uncased
MODEL_NLAYER	24
NDIM_TOKEN_EMBEDDING	1024
MODEL_CUDA	False
ONSITE_EMBEDDINGS	False
HIDDEN_LAYER	16
ONSITE_PROBES	True
LEARNING_RATE	0.001
PROBE_RANK	8
PROBE_CUDA	False
BATCH_SIZE	100
PROBE_SAVEPATH	C:\Program Files\Python311\Lib\site-packages\thehow\dependency_probe\probes
EPOCHS	20
PROBE_LOSS_POW	2
CONLL_ALIAS	wsj
CONLL_PATH	C:\Program Files\Python311\Lib\site-packages\thehow\dependency_probe\datasets\conll\wsj
TRAIN_CONLL_PATH	C:\Program Files\Python311\Lib\site-packages\thehow\dependency_probe\datasets\conll\wsj\en_wsj-ud-train.conllu
DEV_CONLL_PATH	C:\Program Files\Python311\Lib\site-packages\thehow\dependency_probe\datasets\conll\wsj\en_wsj-ud-dev.conllu
TEST_CONLL_PATH	C:\Program Files\Python311\Lib\site-packages\thehow\dependency_probe\datasets\conll\wsj\en_wsj-ud-test.conllu
DEPD_DIRECTED	False
DATASET_PKL_PATH	C:\Program Files\Python311\Lib\site-packages\thehow\dependency_probe\datasets\pkl
REPORTS_PATH	C:\Program Files\Python311\Lib\site-packages\thehow\dependency_probe\reports
METHOD	pairwisedepd
