[Mean spearmanr for sents of len 5-50]
0.7692105341872713

[UUAS]
0.509040029732625

[SPEARMANR]
sent_len	mean_spearmanr
2	0.9999999999999998
3	0.8487640803702885
4	0.7144395080250344
5	0.6584262755099815
6	0.7518665841886765
7	0.7549963394330872
8	0.7443546433274061
9	0.7689785955930817
10	0.7543004361066096
11	0.7712786629572537
12	0.79171959151456
13	0.7942588717712193
14	0.7681975255364655
15	0.7783330513254528
16	0.7868932064913247
17	0.7827299338539758
18	0.7805636957780923
19	0.7822322621150065
20	0.7810884838644243
21	0.781167545701706
22	0.7819375219865943
23	0.7790814254650505
24	0.7842792162817824
25	0.7801037490831282
26	0.775727596723278
27	0.7869862807424798
28	0.7911154970779414
29	0.782478896079572
30	0.7721444017945571
31	0.7805707735982415
32	0.7848741487111679
33	0.7721102713511643
34	0.7915756952766602
35	0.7635725123816528
36	0.7776428577595463
37	0.7774588612314103
38	0.7775779360641425
39	0.7656614318366862
40	0.7776012251361806
41	0.7570952919296489
42	0.7573555508606262
43	0.7472085387527613
44	0.767537058267525
45	0.7677707207870038
46	0.768401232043876
47	0.749908376642052
48	0.7604970694462203
49	0.71893098670356
50	0.7550937435316444
51	0.7735582991196311
52	0.7741046480302436
53	0.7223983439521006
54	0.6888722606272422
55	0.709586047109096
56	0.6713726304973753
57	0.6757787605800313
58	0.7093421810761995
59	0.6842619025604287
60	0.31095907994298433
61	0.6185442108360856
62	0.7246342206767687
63	0.7400830390995766
64	0.6105536969171267
65	0.7480430063507947
66	0.7516501744863061
67	0.6154781639677204
69	0.585882244062649
90	0.4482877339696172
116	0.4501389734407106
118	0.38146770742291775

[EPOCH LOSSES]
0
1
2
3
4
5
6
7
8
9
10
11
12
13
14
15
16
17
18
19

[SETTINGS]
ROOT_PATH	C:\Program Files\Python311\Lib\site-packages\thehow\dependency_probe
MODEL_NAME	bert_large_uncased
MODEL_PATH	D:\transformers\bert\bert_large_uncased
MODEL_NLAYER	24
NDIM_TOKEN_EMBEDDING	1024
MODEL_CUDA	False
ONSITE_EMBEDDINGS	False
HIDDEN_LAYER	12
ONSITE_PROBES	True
LEARNING_RATE	0.001
PROBE_RANK	8
PROBE_CUDA	False
BATCH_SIZE	100
PROBE_SAVEPATH	C:\Program Files\Python311\Lib\site-packages\thehow\dependency_probe\probes
EPOCHS	20
PROBE_LOSS_POW	2
CONLL_ALIAS	wsj
CONLL_PATH	C:\Program Files\Python311\Lib\site-packages\thehow\dependency_probe\datasets\conll\wsj
TRAIN_CONLL_PATH	C:\Program Files\Python311\Lib\site-packages\thehow\dependency_probe\datasets\conll\wsj\en_wsj-ud-train.conllu
DEV_CONLL_PATH	C:\Program Files\Python311\Lib\site-packages\thehow\dependency_probe\datasets\conll\wsj\en_wsj-ud-dev.conllu
TEST_CONLL_PATH	C:\Program Files\Python311\Lib\site-packages\thehow\dependency_probe\datasets\conll\wsj\en_wsj-ud-test.conllu
DEPD_DIRECTED	False
DATASET_PKL_PATH	C:\Program Files\Python311\Lib\site-packages\thehow\dependency_probe\datasets\pkl
REPORTS_PATH	C:\Program Files\Python311\Lib\site-packages\thehow\dependency_probe\reports
METHOD	pairwisedepd
