[Mean spearmanr for sents of len 5-50]
0.6817675776263807

[UUAS]
0.4579042871821779

[SPEARMANR]
sent_len	mean_spearmanr
2	0.9999999999999998
3	0.8532685848747931
4	0.69212591696521
5	0.6580049399887301
6	0.7122606226288111
7	0.683933381580903
8	0.6673713884779757
9	0.6706665102856476
10	0.6740137708555435
11	0.6658920078536541
12	0.6937366444655831
13	0.684872555659344
14	0.6651516922261675
15	0.6803639955097904
16	0.687815744420625
17	0.6828530506998446
18	0.679733604643816
19	0.6781360890632333
20	0.6821507469684497
21	0.6758959028125109
22	0.683650973836196
23	0.6836582974882639
24	0.6844417486718543
25	0.6708341037127061
26	0.6732534543720918
27	0.679993162386517
28	0.6910109582409114
29	0.6826668126955286
30	0.6746663966410762
31	0.6941750888620956
32	0.6925011145864514
33	0.6789378990553524
34	0.6997901081954668
35	0.6658527524071344
36	0.6945910174455712
37	0.692749407920575
38	0.6825315299300417
39	0.679791247383473
40	0.6899167536527296
41	0.6625419829774043
42	0.6779256457334563
43	0.6663310484320463
44	0.7027296839982087
45	0.7002973586187629
46	0.689898560181373
47	0.6793935784498076
48	0.6948327789714874
49	0.6576093787310426
50	0.6918830790952556
51	0.7022203856434728
52	0.7170763345541226
53	0.6814275437032711
54	0.6349361575414524
55	0.6928903805243694
56	0.6287413893380002
57	0.6257535116214097
58	0.6867112780211216
59	0.6717768768608193
60	0.33862075067235914
61	0.5864036341523002
62	0.6699459544114754
63	0.6231868940545594
64	0.5788151163002923
65	0.6905375998150135
66	0.6993918828263151
67	0.5735221751834734
69	0.5394496573554719
90	0.23352299204010202
116	0.276817615014222
118	0.2789221668077239

[EPOCH LOSSES]
0
1
2
3
4
5
6
7
8
9
10
11
12
13
14
15
16
17
18
19

[SETTINGS]
ROOT_PATH	C:\Program Files\Python311\Lib\site-packages\thehow\dependency_probe
MODEL_NAME	bert_large_uncased
MODEL_PATH	D:\transformers\bert\bert_large_uncased
MODEL_NLAYER	24
NDIM_TOKEN_EMBEDDING	1024
MODEL_CUDA	False
ONSITE_EMBEDDINGS	False
HIDDEN_LAYER	0
ONSITE_PROBES	True
LEARNING_RATE	0.001
PROBE_RANK	8
PROBE_CUDA	False
BATCH_SIZE	100
PROBE_SAVEPATH	C:\Program Files\Python311\Lib\site-packages\thehow\dependency_probe\probes
EPOCHS	20
PROBE_LOSS_POW	2
CONLL_ALIAS	wsj
CONLL_PATH	C:\Program Files\Python311\Lib\site-packages\thehow\dependency_probe\datasets\conll\wsj
TRAIN_CONLL_PATH	C:\Program Files\Python311\Lib\site-packages\thehow\dependency_probe\datasets\conll\wsj\en_wsj-ud-train.conllu
DEV_CONLL_PATH	C:\Program Files\Python311\Lib\site-packages\thehow\dependency_probe\datasets\conll\wsj\en_wsj-ud-dev.conllu
TEST_CONLL_PATH	C:\Program Files\Python311\Lib\site-packages\thehow\dependency_probe\datasets\conll\wsj\en_wsj-ud-test.conllu
DEPD_DIRECTED	False
DATASET_PKL_PATH	C:\Program Files\Python311\Lib\site-packages\thehow\dependency_probe\datasets\pkl
REPORTS_PATH	C:\Program Files\Python311\Lib\site-packages\thehow\dependency_probe\reports
METHOD	pairwisedepd
