[Mean spearmanr for sents of len 5-50]
0.7408660974795518

[UUAS]
0.48583327867777265

[SPEARMANR]
sent_len	mean_spearmanr
2	0.9999999999999998
3	0.79020552181173
4	0.7213891774772149
5	0.6738808966714717
6	0.7150514289458617
7	0.7139505111345946
8	0.7087027953086991
9	0.7268805187145347
10	0.7277430521756824
11	0.7387406666009735
12	0.7614317796084218
13	0.767022464236043
14	0.7328076237039175
15	0.7493338424592394
16	0.7610080571385199
17	0.7518897656575808
18	0.7483191971797982
19	0.7551330920109391
20	0.7467949847168249
21	0.7593890643459569
22	0.7567230328498035
23	0.7503731164548104
24	0.7539165802979594
25	0.7512370658896351
26	0.7462749784127136
27	0.7615764812907605
28	0.7636888831653003
29	0.7561170925467904
30	0.7408225944717052
31	0.7577616281416825
32	0.7591885882521129
33	0.7451254729403767
34	0.767960192167171
35	0.7304019065078495
36	0.7491995266872139
37	0.750499270289592
38	0.752117043429407
39	0.7386223994245957
40	0.7450611454875582
41	0.7250564899304148
42	0.730239455615756
43	0.7232790649387963
44	0.7401582182648723
45	0.740163005993304
46	0.7409276398218271
47	0.7266124938628514
48	0.736325941647803
49	0.6815241996171663
50	0.7208072350504947
51	0.7460692894008497
52	0.7480007981126502
53	0.6980803169340543
54	0.6715586921981409
55	0.7006767281951465
56	0.6505199953675177
57	0.6592652550524685
58	0.6955851220450314
59	0.6853189729539129
60	0.2805980502054407
61	0.607379096849823
62	0.6914262528877458
63	0.705136831780123
64	0.584708846176025
65	0.7448463826135748
66	0.7230393513869946
67	0.6103315422634915
69	0.5375897813409174
90	0.4252643820369808
116	0.41542799791475327
118	0.3812589221946387

[EPOCH LOSSES]
0
1
2
3
4
5
6
7
8
9
10
11
12
13
14
15
16
17
18
19

[SETTINGS]
ROOT_PATH	C:\Program Files\Python311\Lib\site-packages\thehow\dependency_probe
MODEL_NAME	bert_large_uncased
MODEL_PATH	D:\transformers\bert\bert_large_uncased
MODEL_NLAYER	24
NDIM_TOKEN_EMBEDDING	1024
MODEL_CUDA	False
ONSITE_EMBEDDINGS	False
HIDDEN_LAYER	10
ONSITE_PROBES	True
LEARNING_RATE	0.001
PROBE_RANK	8
PROBE_CUDA	False
BATCH_SIZE	100
PROBE_SAVEPATH	C:\Program Files\Python311\Lib\site-packages\thehow\dependency_probe\probes
EPOCHS	20
PROBE_LOSS_POW	2
CONLL_ALIAS	wsj
CONLL_PATH	C:\Program Files\Python311\Lib\site-packages\thehow\dependency_probe\datasets\conll\wsj
TRAIN_CONLL_PATH	C:\Program Files\Python311\Lib\site-packages\thehow\dependency_probe\datasets\conll\wsj\en_wsj-ud-train.conllu
DEV_CONLL_PATH	C:\Program Files\Python311\Lib\site-packages\thehow\dependency_probe\datasets\conll\wsj\en_wsj-ud-dev.conllu
TEST_CONLL_PATH	C:\Program Files\Python311\Lib\site-packages\thehow\dependency_probe\datasets\conll\wsj\en_wsj-ud-test.conllu
DEPD_DIRECTED	False
DATASET_PKL_PATH	C:\Program Files\Python311\Lib\site-packages\thehow\dependency_probe\datasets\pkl
REPORTS_PATH	C:\Program Files\Python311\Lib\site-packages\thehow\dependency_probe\reports
METHOD	pairwisedepd
