[Mean spearmanr for sents of len 5-50]
0.7006879072017077

[UUAS]
0.45177193327649157

[SPEARMANR]
sent_len	mean_spearmanr
2	0.9999999999999998
3	0.826241557847766
4	0.7147449645842575
5	0.6504482258474044
6	0.7028076014538501
7	0.6896647600702298
8	0.6825022998883307
9	0.6963851434916745
10	0.6996881853581967
11	0.7049019284565236
12	0.7223343115461344
13	0.7298973642451527
14	0.6972075426367816
15	0.7104163297194139
16	0.7239429528255783
17	0.7139847697280097
18	0.7106528069717337
19	0.711671173965954
20	0.7130056508323567
21	0.715210722192177
22	0.7186601976035546
23	0.7044719959942964
24	0.710451771044436
25	0.7058224203856495
26	0.7007946530424595
27	0.7080670484060977
28	0.7178375007365522
29	0.703394896157241
30	0.6957859327498377
31	0.7142554330020131
32	0.714549743012379
33	0.7033139529808901
34	0.7199163838282763
35	0.6884084841973126
36	0.7077815650734813
37	0.7046770562837614
38	0.6995861620346168
39	0.6885930552385467
40	0.7001351547153118
41	0.6802821406213645
42	0.6855925877329754
43	0.6738755902013689
44	0.7017227331937909
45	0.6973460522395529
46	0.7016338509912131
47	0.6886944957001172
48	0.6827466528654409
49	0.6556475681828562
50	0.6828768838336551
51	0.7201234229979034
52	0.7149014933787373
53	0.6781733021978774
54	0.6414223694260545
55	0.6832301383423225
56	0.6223672246247282
57	0.6225214792536052
58	0.6485053537074194
59	0.6640757612992536
60	0.2880710763513574
61	0.5837684708354313
62	0.6848746996610847
63	0.6599299501872927
64	0.5369594887334027
65	0.7200079899356028
66	0.6946638850031501
67	0.5669086235383382
69	0.44766071877250413
90	0.37417006463843466
116	0.3285257225881086
118	0.36527719669630876

[EPOCH LOSSES]
0
1
2
3
4
5
6
7
8
9
10
11
12
13
14
15
16
17
18
19

[SETTINGS]
ROOT_PATH	C:\Program Files\Python311\Lib\site-packages\thehow\dependency_probe
MODEL_NAME	bert_large_uncased
MODEL_PATH	D:\transformers\bert\bert_large_uncased
MODEL_NLAYER	24
NDIM_TOKEN_EMBEDDING	1024
MODEL_CUDA	False
ONSITE_EMBEDDINGS	False
HIDDEN_LAYER	6
ONSITE_PROBES	True
LEARNING_RATE	0.001
PROBE_RANK	8
PROBE_CUDA	False
BATCH_SIZE	100
PROBE_SAVEPATH	C:\Program Files\Python311\Lib\site-packages\thehow\dependency_probe\probes
EPOCHS	20
PROBE_LOSS_POW	2
CONLL_ALIAS	wsj
CONLL_PATH	C:\Program Files\Python311\Lib\site-packages\thehow\dependency_probe\datasets\conll\wsj
TRAIN_CONLL_PATH	C:\Program Files\Python311\Lib\site-packages\thehow\dependency_probe\datasets\conll\wsj\en_wsj-ud-train.conllu
DEV_CONLL_PATH	C:\Program Files\Python311\Lib\site-packages\thehow\dependency_probe\datasets\conll\wsj\en_wsj-ud-dev.conllu
TEST_CONLL_PATH	C:\Program Files\Python311\Lib\site-packages\thehow\dependency_probe\datasets\conll\wsj\en_wsj-ud-test.conllu
DEPD_DIRECTED	False
DATASET_PKL_PATH	C:\Program Files\Python311\Lib\site-packages\thehow\dependency_probe\datasets\pkl
REPORTS_PATH	C:\Program Files\Python311\Lib\site-packages\thehow\dependency_probe\reports
METHOD	pairwisedepd
