[Mean spearmanr for sents of len 5-50]
0.7128690594845665

[UUAS]
0.4711309328611093

[SPEARMANR]
sent_len	mean_spearmanr
2	0.9999999999999998
3	0.8577730893792975
4	0.7591789590132298
5	0.6945457067098849
6	0.6961746789146979
7	0.7132791581939015
8	0.6900745463429604
9	0.6985519114769633
10	0.6961544660647476
11	0.7053527559691599
12	0.7295849175437539
13	0.7241230570503365
14	0.702036163792186
15	0.7191694735121522
16	0.7259317824430057
17	0.7205123115792189
18	0.7157663062335891
19	0.7169068362380199
20	0.7211854867066052
21	0.7222066912792979
22	0.7271074384955517
23	0.720034969523564
24	0.724730325313141
25	0.7105352298940812
26	0.7105500151010532
27	0.7211529122010396
28	0.7285265298898601
29	0.7212837105844858
30	0.7114646172571524
31	0.7280987433629825
32	0.721435454879523
33	0.7105218911968587
34	0.7374694811077592
35	0.7007681385776137
36	0.7258613771682582
37	0.7205870267610844
38	0.7148961716790866
39	0.7036088681286837
40	0.715627742608235
41	0.694976816304864
42	0.7041913792394578
43	0.6895489453246898
44	0.7225989179462572
45	0.7188730564531867
46	0.7217319612446796
47	0.7018337327841824
48	0.7167508358298431
49	0.6673223454570232
50	0.7083318519253787
51	0.7263910095346259
52	0.7388399655052216
53	0.683615716716564
54	0.655502740063762
55	0.7040877327216194
56	0.6488893925536106
57	0.6465915456151102
58	0.66766619974248
59	0.677592966576071
60	0.28441300588214147
61	0.5942108461790391
62	0.6824775942784372
63	0.6329093931713989
64	0.5485527706299385
65	0.7040579577898811
66	0.7043510306446389
67	0.5885998102906765
69	0.4664547028526252
90	0.361373340486004
116	0.3044832220061231
118	0.35079396182265593

[EPOCH LOSSES]
0
1
2
3
4
5
6
7
8
9
10
11
12
13
14
15
16
17
18
19

[SETTINGS]
ROOT_PATH	C:\Program Files\Python311\Lib\site-packages\thehow\dependency_probe
MODEL_NAME	bert_large_uncased
MODEL_PATH	D:\transformers\bert\bert_large_uncased
MODEL_NLAYER	24
NDIM_TOKEN_EMBEDDING	1024
MODEL_CUDA	False
ONSITE_EMBEDDINGS	False
HIDDEN_LAYER	4
ONSITE_PROBES	True
LEARNING_RATE	0.001
PROBE_RANK	8
PROBE_CUDA	False
BATCH_SIZE	100
PROBE_SAVEPATH	C:\Program Files\Python311\Lib\site-packages\thehow\dependency_probe\probes
EPOCHS	20
PROBE_LOSS_POW	2
CONLL_ALIAS	wsj
CONLL_PATH	C:\Program Files\Python311\Lib\site-packages\thehow\dependency_probe\datasets\conll\wsj
TRAIN_CONLL_PATH	C:\Program Files\Python311\Lib\site-packages\thehow\dependency_probe\datasets\conll\wsj\en_wsj-ud-train.conllu
DEV_CONLL_PATH	C:\Program Files\Python311\Lib\site-packages\thehow\dependency_probe\datasets\conll\wsj\en_wsj-ud-dev.conllu
TEST_CONLL_PATH	C:\Program Files\Python311\Lib\site-packages\thehow\dependency_probe\datasets\conll\wsj\en_wsj-ud-test.conllu
DEPD_DIRECTED	False
DATASET_PKL_PATH	C:\Program Files\Python311\Lib\site-packages\thehow\dependency_probe\datasets\pkl
REPORTS_PATH	C:\Program Files\Python311\Lib\site-packages\thehow\dependency_probe\reports
METHOD	pairwisedepd
