[Mean spearmanr for sents of len 5-50]
0.6872537311283439

[UUAS]
0.4480006995911764

[SPEARMANR]
sent_len	mean_spearmanr
2	0.9999999999999998
3	0.826241557847766
4	0.7479660290490444
5	0.6411471436330003
6	0.698226796819437
7	0.6822000313405304
8	0.676770066588013
9	0.6728838933876633
10	0.6864445664944853
11	0.6783917972953931
12	0.7024025749907744
13	0.7003688871672857
14	0.6818060349284191
15	0.6927613242209346
16	0.6976807840049418
17	0.6989005560234337
18	0.6945667708188379
19	0.6931170213791418
20	0.7009253066499899
21	0.6961144395528217
22	0.7012389861045772
23	0.6961624389992818
24	0.7014404157744855
25	0.6833485594541817
26	0.6859175541205655
27	0.6937967449055585
28	0.7065084982843267
29	0.699236004321643
30	0.6853416143361414
31	0.6991575281704823
32	0.6968043246300524
33	0.6866941875011588
34	0.7117559484014976
35	0.6714635948252133
36	0.6980775538576197
37	0.6972433346843369
38	0.6859103032929021
39	0.6746294780522356
40	0.6897517987701237
41	0.6634685020105543
42	0.6819957116882505
43	0.6603317484048272
44	0.6958013692876923
45	0.6857032652203219
46	0.6911074181877853
47	0.6703104100151622
48	0.6837290655077866
49	0.6388706950954897
50	0.6831665827044592
51	0.689054930024403
52	0.7175694449025598
53	0.6519044005126096
54	0.6104893421968312
55	0.6659980393495307
56	0.6150533163212671
57	0.6204152296144988
58	0.6407543467501637
59	0.6436964402090998
60	0.22830886675933126
61	0.5371462389672155
62	0.6440537058476982
63	0.6268505698803166
64	0.5042803082123628
65	0.6313040605848731
66	0.7004818001975315
67	0.5445397834981212
69	0.3905287330378148
90	0.18217810402800422
116	0.19008346153248715
118	0.20409931741496085

[EPOCH LOSSES]
0
1
2
3
4
5
6
7
8
9
10
11
12
13
14
15
16
17
18
19

[SETTINGS]
ROOT_PATH	C:\Program Files\Python311\Lib\site-packages\thehow\dependency_probe
MODEL_NAME	bert_large_uncased
MODEL_PATH	D:\transformers\bert\bert_large_uncased
MODEL_NLAYER	24
NDIM_TOKEN_EMBEDDING	1024
MODEL_CUDA	False
ONSITE_EMBEDDINGS	False
HIDDEN_LAYER	2
ONSITE_PROBES	True
LEARNING_RATE	0.001
PROBE_RANK	8
PROBE_CUDA	False
BATCH_SIZE	100
PROBE_SAVEPATH	C:\Program Files\Python311\Lib\site-packages\thehow\dependency_probe\probes
EPOCHS	20
PROBE_LOSS_POW	2
CONLL_ALIAS	wsj
CONLL_PATH	C:\Program Files\Python311\Lib\site-packages\thehow\dependency_probe\datasets\conll\wsj
TRAIN_CONLL_PATH	C:\Program Files\Python311\Lib\site-packages\thehow\dependency_probe\datasets\conll\wsj\en_wsj-ud-train.conllu
DEV_CONLL_PATH	C:\Program Files\Python311\Lib\site-packages\thehow\dependency_probe\datasets\conll\wsj\en_wsj-ud-dev.conllu
TEST_CONLL_PATH	C:\Program Files\Python311\Lib\site-packages\thehow\dependency_probe\datasets\conll\wsj\en_wsj-ud-test.conllu
DEPD_DIRECTED	False
DATASET_PKL_PATH	C:\Program Files\Python311\Lib\site-packages\thehow\dependency_probe\datasets\pkl
REPORTS_PATH	C:\Program Files\Python311\Lib\site-packages\thehow\dependency_probe\reports
METHOD	pairwisedepd
