[Mean spearmanr for sents of len 5-50]
0.7015777604612997

[UUAS]
0.4496075730744846

[SPEARMANR]
sent_len	mean_spearmanr
2	0.9999999999999998
3	0.8307460623522706
4	0.7169327292745332
5	0.6230464636390637
6	0.7005381998628072
7	0.6766604447053988
8	0.6825508675975592
9	0.6895651889948738
10	0.7024813608389628
11	0.7016213793948783
12	0.7146574277748294
13	0.7220248234533552
14	0.7023859031716403
15	0.7090494622231465
16	0.7215515964641819
17	0.7135951104766292
18	0.7146059379906595
19	0.7126658727808997
20	0.716161650078226
21	0.7188739174671507
22	0.7197536597139533
23	0.7075337560450841
24	0.7096940145603692
25	0.7107736763002476
26	0.7024513080231473
27	0.71259122323989
28	0.7202459442521603
29	0.7069919855786291
30	0.6997587756744236
31	0.718428056289732
32	0.7180729999318306
33	0.7063271309124846
34	0.724017800741886
35	0.6905305969838587
36	0.708273117135192
37	0.7081946884632722
38	0.7049584769817827
39	0.691470654228198
40	0.7056474127134466
41	0.6859806305073624
42	0.6931496427753014
43	0.6780488498087786
44	0.7017269978867462
45	0.6983757076820514
46	0.7076982443950876
47	0.6959177334524638
48	0.6875176908208452
49	0.6597831400955034
50	0.6766274591118057
51	0.7163262228887352
52	0.7112578363713637
53	0.6808609744628549
54	0.6440972697056908
55	0.6774655591093445
56	0.634195351238784
57	0.6241759299133449
58	0.649921679280986
59	0.6645985339448458
60	0.304012413381431
61	0.5935079153991406
62	0.6942691803805774
63	0.6857951982185233
64	0.5517337519326392
65	0.7446350914695576
66	0.7065308789321526
67	0.5596136096617381
69	0.48229324042931554
90	0.4277646178837699
116	0.38717612084720954
118	0.38936764688402675

[EPOCH LOSSES]
0
1
2
3
4
5
6
7
8
9
10
11
12
13
14
15
16
17
18
19

[SETTINGS]
ROOT_PATH	C:\Program Files\Python311\Lib\site-packages\thehow\dependency_probe
MODEL_NAME	bert_large_uncased
MODEL_PATH	D:\transformers\bert\bert_large_uncased
MODEL_NLAYER	24
NDIM_TOKEN_EMBEDDING	1024
MODEL_CUDA	False
ONSITE_EMBEDDINGS	False
HIDDEN_LAYER	7
ONSITE_PROBES	True
LEARNING_RATE	0.001
PROBE_RANK	8
PROBE_CUDA	False
BATCH_SIZE	100
PROBE_SAVEPATH	C:\Program Files\Python311\Lib\site-packages\thehow\dependency_probe\probes
EPOCHS	20
PROBE_LOSS_POW	2
CONLL_ALIAS	wsj
CONLL_PATH	C:\Program Files\Python311\Lib\site-packages\thehow\dependency_probe\datasets\conll\wsj
TRAIN_CONLL_PATH	C:\Program Files\Python311\Lib\site-packages\thehow\dependency_probe\datasets\conll\wsj\en_wsj-ud-train.conllu
DEV_CONLL_PATH	C:\Program Files\Python311\Lib\site-packages\thehow\dependency_probe\datasets\conll\wsj\en_wsj-ud-dev.conllu
TEST_CONLL_PATH	C:\Program Files\Python311\Lib\site-packages\thehow\dependency_probe\datasets\conll\wsj\en_wsj-ud-test.conllu
DEPD_DIRECTED	False
DATASET_PKL_PATH	C:\Program Files\Python311\Lib\site-packages\thehow\dependency_probe\datasets\pkl
REPORTS_PATH	C:\Program Files\Python311\Lib\site-packages\thehow\dependency_probe\reports
METHOD	pairwisedepd
