[Mean spearmanr for sents of len 5-50]
0.784974967419153

[UUAS]
0.5250869023414442

[SPEARMANR]
sent_len	mean_spearmanr
2	0.9999999999999998
3	0.826241557847766
4	0.706910275500824
5	0.6617000025861498
6	0.7358837991321105
7	0.7710152698390634
8	0.7452215743394714
9	0.7827211057419924
10	0.7790357262432476
11	0.7874291177138424
12	0.8075124628689749
13	0.8153895897823259
14	0.7882830892998849
15	0.7943513032840451
16	0.8013574593518346
17	0.7994750033190301
18	0.7965405381537864
19	0.8006953604616595
20	0.7942074938267877
21	0.7975924963607612
22	0.8028628985837468
23	0.7979752047394157
24	0.7994298619505862
25	0.802582611186481
26	0.7941338612811346
27	0.801917841845355
28	0.8087614717999546
29	0.8035815657297918
30	0.7901185736843858
31	0.800979861877201
32	0.8009936337654663
33	0.7926046812557621
34	0.8146675005850971
35	0.7852428219272737
36	0.7907335319393489
37	0.7907836879058129
38	0.7938225858435298
39	0.7809540603817077
40	0.7923624942088432
41	0.7768153847003043
42	0.7753492147639629
43	0.7612344906496287
44	0.7814773276112286
45	0.7872156531065798
46	0.7815664993171956
47	0.76701439129651
48	0.7764282115611754
49	0.7278798734121326
50	0.7709473120664533
51	0.7965199787489929
52	0.7837864829704686
53	0.7356996373808525
54	0.7011605512107945
55	0.7231925233673919
56	0.6854421105453862
57	0.7108217858685028
58	0.7250642150210176
59	0.6949261718593049
60	0.3284088303453315
61	0.637921242364379
62	0.7497072507346837
63	0.7691277588139098
64	0.6277351261635784
65	0.7588944172457995
66	0.7792511481126525
67	0.6342765542928941
69	0.6232438116551452
90	0.46622888373753046
116	0.4548704739284354
118	0.394569762523438

[EPOCH LOSSES]
0
1
2
3
4
5
6
7
8
9
10
11
12
13
14
15
16
17
18
19

[SETTINGS]
ROOT_PATH	C:\Program Files\Python311\Lib\site-packages\thehow\dependency_probe
MODEL_NAME	bert_large_uncased
MODEL_PATH	D:\transformers\bert\bert_large_uncased
MODEL_NLAYER	24
NDIM_TOKEN_EMBEDDING	1024
MODEL_CUDA	False
ONSITE_EMBEDDINGS	False
HIDDEN_LAYER	13
ONSITE_PROBES	True
LEARNING_RATE	0.001
PROBE_RANK	8
PROBE_CUDA	False
BATCH_SIZE	100
PROBE_SAVEPATH	C:\Program Files\Python311\Lib\site-packages\thehow\dependency_probe\probes
EPOCHS	20
PROBE_LOSS_POW	2
CONLL_ALIAS	wsj
CONLL_PATH	C:\Program Files\Python311\Lib\site-packages\thehow\dependency_probe\datasets\conll\wsj
TRAIN_CONLL_PATH	C:\Program Files\Python311\Lib\site-packages\thehow\dependency_probe\datasets\conll\wsj\en_wsj-ud-train.conllu
DEV_CONLL_PATH	C:\Program Files\Python311\Lib\site-packages\thehow\dependency_probe\datasets\conll\wsj\en_wsj-ud-dev.conllu
TEST_CONLL_PATH	C:\Program Files\Python311\Lib\site-packages\thehow\dependency_probe\datasets\conll\wsj\en_wsj-ud-test.conllu
DEPD_DIRECTED	False
DATASET_PKL_PATH	C:\Program Files\Python311\Lib\site-packages\thehow\dependency_probe\datasets\pkl
REPORTS_PATH	C:\Program Files\Python311\Lib\site-packages\thehow\dependency_probe\reports
METHOD	pairwisedepd
