[Mean spearmanr for sents of len 5-50]
0.7165897714928312

[UUAS]
0.4587569139284231

[SPEARMANR]
sent_len	mean_spearmanr
2	0.9999999999999998
3	0.826241557847766
4	0.7077952951320771
5	0.6435145048240083
6	0.6861954910577746
7	0.695753261798445
8	0.6903385107115357
9	0.6958549705860119
10	0.6972000809954831
11	0.7084258078033577
12	0.7325157100147972
13	0.737426834497584
14	0.7116538509588868
15	0.7289218689674613
16	0.7303907336037211
17	0.7246404653929912
18	0.7270034834972438
19	0.7274048829967434
20	0.7285311532269044
21	0.7336531694001648
22	0.7331442903565494
23	0.7233601424068287
24	0.7247388453870256
25	0.7229848749095539
26	0.7152444381355071
27	0.7301221353190719
28	0.7356079033526512
29	0.7252862097454097
30	0.7170756116832715
31	0.7332396583124563
32	0.7350015420375121
33	0.719986804707197
34	0.7385622978505147
35	0.7071803306937324
36	0.7270354907503992
37	0.7239946786567736
38	0.7246007295634078
39	0.7133666840217365
40	0.7235141776163518
41	0.7079039658916982
42	0.7096068847472136
43	0.7016088551412609
44	0.7222292260138279
45	0.7189955397862191
46	0.723671163205294
47	0.7109984808731968
48	0.7145242190888819
49	0.6749091114995147
50	0.7052104165840597
51	0.7361604202827418
52	0.7268130685602985
53	0.6835520758374953
54	0.6729054827918481
55	0.692558742296432
56	0.649598158190659
57	0.6457449231736107
58	0.6826242445071176
59	0.6894807988110165
60	0.3082783676038118
61	0.6078142750582513
62	0.710028550570189
63	0.6879089763653128
64	0.5745701634369627
65	0.7426448093358076
66	0.7275353237498127
67	0.5854313203887581
69	0.5317506880756652
90	0.4216653505833429
116	0.4005750172529351
118	0.3873591861243642

[EPOCH LOSSES]
0
1
2
3
4
5
6
7
8
9
10
11
12
13
14
15
16
17
18
19

[SETTINGS]
ROOT_PATH	C:\Program Files\Python311\Lib\site-packages\thehow\dependency_probe
MODEL_NAME	bert_large_uncased
MODEL_PATH	D:\transformers\bert\bert_large_uncased
MODEL_NLAYER	24
NDIM_TOKEN_EMBEDDING	1024
MODEL_CUDA	False
ONSITE_EMBEDDINGS	False
HIDDEN_LAYER	8
ONSITE_PROBES	True
LEARNING_RATE	0.001
PROBE_RANK	8
PROBE_CUDA	False
BATCH_SIZE	100
PROBE_SAVEPATH	C:\Program Files\Python311\Lib\site-packages\thehow\dependency_probe\probes
EPOCHS	20
PROBE_LOSS_POW	2
CONLL_ALIAS	wsj
CONLL_PATH	C:\Program Files\Python311\Lib\site-packages\thehow\dependency_probe\datasets\conll\wsj
TRAIN_CONLL_PATH	C:\Program Files\Python311\Lib\site-packages\thehow\dependency_probe\datasets\conll\wsj\en_wsj-ud-train.conllu
DEV_CONLL_PATH	C:\Program Files\Python311\Lib\site-packages\thehow\dependency_probe\datasets\conll\wsj\en_wsj-ud-dev.conllu
TEST_CONLL_PATH	C:\Program Files\Python311\Lib\site-packages\thehow\dependency_probe\datasets\conll\wsj\en_wsj-ud-test.conllu
DEPD_DIRECTED	False
DATASET_PKL_PATH	C:\Program Files\Python311\Lib\site-packages\thehow\dependency_probe\datasets\pkl
REPORTS_PATH	C:\Program Files\Python311\Lib\site-packages\thehow\dependency_probe\reports
METHOD	pairwisedepd
