[Mean spearmanr for sents of len 5-50]
0.7561033520103464

[UUAS]
0.500437244485254

[SPEARMANR]
sent_len	mean_spearmanr
2	0.9999999999999998
3	0.8532685848747931
4	0.7227728413583678
5	0.6674732008255243
6	0.7422221734730667
7	0.732534703672021
8	0.7266138763821285
9	0.7562594303308094
10	0.7416389058063053
11	0.7606309947036592
12	0.777828545973667
13	0.7854986188001088
14	0.7520081850123213
15	0.7665573957728151
16	0.7777532592807501
17	0.7718668296581658
18	0.7655758716491868
19	0.77154468412088
20	0.7648870887556749
21	0.7718981707052616
22	0.773250073172891
23	0.7646476784984765
24	0.767638776401774
25	0.7680681826481207
26	0.7623760914992262
27	0.7726239205347074
28	0.7811854864641192
29	0.7693031372868813
30	0.7581912889409578
31	0.7716817605166992
32	0.7740650358822776
33	0.7568994413431548
34	0.7810378985955836
35	0.7489803958875977
36	0.7635937735441416
37	0.763299853836556
38	0.7640775387469795
39	0.7519517248441324
40	0.7619625091031922
41	0.7424234656183006
42	0.7418964242242698
43	0.7324941999567116
44	0.7512615057793588
45	0.7499255370770711
46	0.7546150559141349
47	0.7360004973095821
48	0.7480158325602585
49	0.7050004627399831
50	0.731494708626447
51	0.7636642342918014
52	0.7605268653695888
53	0.7212317193928285
54	0.6836264372710916
55	0.7063024774529115
56	0.6640558040709947
57	0.6659617153964588
58	0.6923545045751512
59	0.6810173550177662
60	0.29062901407962727
61	0.6026086251036937
62	0.7257207893094345
63	0.7132010489564684
64	0.58977529755185
65	0.7507799126919412
66	0.7342499730377456
67	0.6060370076618485
69	0.5465306256292486
90	0.4320875091116667
116	0.41871030816838606
118	0.37454372271034586

[EPOCH LOSSES]
0
1
2
3
4
5
6
7
8
9
10
11
12
13
14
15
16
17
18
19

[SETTINGS]
ROOT_PATH	C:\Program Files\Python311\Lib\site-packages\thehow\dependency_probe
MODEL_NAME	bert_large_uncased
MODEL_PATH	D:\transformers\bert\bert_large_uncased
MODEL_NLAYER	24
NDIM_TOKEN_EMBEDDING	1024
MODEL_CUDA	False
ONSITE_EMBEDDINGS	False
HIDDEN_LAYER	11
ONSITE_PROBES	True
LEARNING_RATE	0.001
PROBE_RANK	8
PROBE_CUDA	False
BATCH_SIZE	100
PROBE_SAVEPATH	C:\Program Files\Python311\Lib\site-packages\thehow\dependency_probe\probes
EPOCHS	20
PROBE_LOSS_POW	2
CONLL_ALIAS	wsj
CONLL_PATH	C:\Program Files\Python311\Lib\site-packages\thehow\dependency_probe\datasets\conll\wsj
TRAIN_CONLL_PATH	C:\Program Files\Python311\Lib\site-packages\thehow\dependency_probe\datasets\conll\wsj\en_wsj-ud-train.conllu
DEV_CONLL_PATH	C:\Program Files\Python311\Lib\site-packages\thehow\dependency_probe\datasets\conll\wsj\en_wsj-ud-dev.conllu
TEST_CONLL_PATH	C:\Program Files\Python311\Lib\site-packages\thehow\dependency_probe\datasets\conll\wsj\en_wsj-ud-test.conllu
DEPD_DIRECTED	False
DATASET_PKL_PATH	C:\Program Files\Python311\Lib\site-packages\thehow\dependency_probe\datasets\pkl
REPORTS_PATH	C:\Program Files\Python311\Lib\site-packages\thehow\dependency_probe\reports
METHOD	pairwisedepd
