[Mean spearmanr for sents of len 5-50]
0.7610644811693767

[UUAS]
0.5007870400734571

[SPEARMANR]
sent_len	mean_spearmanr
2	0.9999999999999998
3	0.8397550713612796
4	0.664277670380774
5	0.6449756546039406
6	0.7097060233267317
7	0.7053767992516006
8	0.7108879414128466
9	0.7476510321275072
10	0.7324129135216697
11	0.7429138510303103
12	0.7502097371543771
13	0.7612552736918995
14	0.7446440205995695
15	0.7558416381388915
16	0.756670094194664
17	0.7615703844301428
18	0.7646698218072336
19	0.7742671238981828
20	0.765951700543507
21	0.7694535189930845
22	0.7734778871998891
23	0.7756551546872857
24	0.7735588105671783
25	0.7787879313570623
26	0.776513651349645
27	0.7801684662912022
28	0.7867781565565107
29	0.7834276686581161
30	0.7715372859332136
31	0.7853824714088155
32	0.7891907746570691
33	0.7881907119496729
34	0.7942609862806134
35	0.7706412243098414
36	0.7701613003690421
37	0.7829294765060905
38	0.7792244262824748
39	0.7698333870324598
40	0.7805987181820123
41	0.7723045352222812
42	0.7646056432577928
43	0.7606985172216649
44	0.7785412042641283
45	0.7759387773171538
46	0.7784015741162926
47	0.7584317334358827
48	0.7521645291316188
49	0.7198752736279721
50	0.7392283278921892
51	0.8071872346142063
52	0.7381016384920501
53	0.7647700134461968
54	0.7055654392749926
55	0.7268864621402857
56	0.6666228901605025
57	0.6934590625033863
58	0.7242777454253251
59	0.6878500063918433
60	0.4004630616993428
61	0.635239383418349
62	0.8141219807138617
63	0.785717051554702
64	0.6328236260857782
65	0.7298919384464013
66	0.7376649508284049
67	0.6275945415885842
69	0.7032414167965134
90	0.5044026014830263
116	0.47225294592926353
118	0.40898984641167707

[EPOCH LOSSES]
0
1
2
3
4
5
6
7
8
9
10
11
12
13
14
15
16
17
18
19

[SETTINGS]
ROOT_PATH	C:\Program Files\Python311\Lib\site-packages\thehow\dependency_probe
MODEL_NAME	bert_large_uncased
MODEL_PATH	D:\transformers\bert\bert_large_uncased
MODEL_NLAYER	24
NDIM_TOKEN_EMBEDDING	1024
MODEL_CUDA	False
ONSITE_EMBEDDINGS	False
HIDDEN_LAYER	18
ONSITE_PROBES	True
LEARNING_RATE	0.001
PROBE_RANK	8
PROBE_CUDA	False
BATCH_SIZE	100
PROBE_SAVEPATH	C:\Program Files\Python311\Lib\site-packages\thehow\dependency_probe\probes
EPOCHS	20
PROBE_LOSS_POW	2
CONLL_ALIAS	wsj
CONLL_PATH	C:\Program Files\Python311\Lib\site-packages\thehow\dependency_probe\datasets\conll\wsj
TRAIN_CONLL_PATH	C:\Program Files\Python311\Lib\site-packages\thehow\dependency_probe\datasets\conll\wsj\en_wsj-ud-train.conllu
DEV_CONLL_PATH	C:\Program Files\Python311\Lib\site-packages\thehow\dependency_probe\datasets\conll\wsj\en_wsj-ud-dev.conllu
TEST_CONLL_PATH	C:\Program Files\Python311\Lib\site-packages\thehow\dependency_probe\datasets\conll\wsj\en_wsj-ud-test.conllu
DEPD_DIRECTED	False
DATASET_PKL_PATH	C:\Program Files\Python311\Lib\site-packages\thehow\dependency_probe\datasets\pkl
REPORTS_PATH	C:\Program Files\Python311\Lib\site-packages\thehow\dependency_probe\reports
METHOD	pairwisedepd
