[Mean spearmanr for sents of len 5-50]
0.6974289733140075

[UUAS]
0.4497387464200608

[SPEARMANR]
sent_len	mean_spearmanr
2	0.9999999999999998
3	0.8487640803702885
4	0.7620585556440819
5	0.672998784529946
6	0.7062770431467359
7	0.7078050395640222
8	0.669521280148493
9	0.6870557368177194
10	0.6942271264178744
11	0.6938656393650342
12	0.7057274263470948
13	0.7085051076266646
14	0.6885835876306916
15	0.7023970595199361
16	0.7088368186091976
17	0.7038158541927841
18	0.7011112860493149
19	0.7002463065184371
20	0.7088209483932695
21	0.7056946951761652
22	0.710701906943438
23	0.7023546121210796
24	0.7075979322430287
25	0.6918325202974522
26	0.6923068338108058
27	0.703082869460565
28	0.7144750942313793
29	0.7076104390794219
30	0.6944082049887497
31	0.7110002335245311
32	0.7081714575640208
33	0.6966495787486543
34	0.7181410040993769
35	0.6820799213263414
36	0.7076252178998778
37	0.7076156906509271
38	0.6986688246462068
39	0.6865862046036668
40	0.6978008192217934
41	0.6718526598764211
42	0.6874592126545807
43	0.6723396948945327
44	0.7063752359282722
45	0.7083983700429114
46	0.7043538075277973
47	0.6782581278430319
48	0.6960245100734259
49	0.6502743753771599
50	0.70219767271152
51	0.7090885058398652
52	0.7247427368891567
53	0.6693780453212282
54	0.6274596915320698
55	0.6765216114339981
56	0.6245362373668603
57	0.6325621921028557
58	0.6462121223992043
59	0.6662682182956211
60	0.23593587400600227
61	0.5644544291809452
62	0.6651894454226475
63	0.5983752211799707
64	0.5353073300715749
65	0.6802817257118827
66	0.6919112893812933
67	0.5629790240577056
69	0.4041602984685795
90	0.19012262904468394
116	0.13669943881650887
118	0.20886028890326402

[EPOCH LOSSES]
0
1
2
3
4
5
6
7
8
9
10
11
12
13
14
15
16
17
18
19

[SETTINGS]
ROOT_PATH	C:\Program Files\Python311\Lib\site-packages\thehow\dependency_probe
MODEL_NAME	bert_large_uncased
MODEL_PATH	D:\transformers\bert\bert_large_uncased
MODEL_NLAYER	24
NDIM_TOKEN_EMBEDDING	1024
MODEL_CUDA	False
ONSITE_EMBEDDINGS	False
HIDDEN_LAYER	3
ONSITE_PROBES	True
LEARNING_RATE	0.001
PROBE_RANK	8
PROBE_CUDA	False
BATCH_SIZE	100
PROBE_SAVEPATH	C:\Program Files\Python311\Lib\site-packages\thehow\dependency_probe\probes
EPOCHS	20
PROBE_LOSS_POW	2
CONLL_ALIAS	wsj
CONLL_PATH	C:\Program Files\Python311\Lib\site-packages\thehow\dependency_probe\datasets\conll\wsj
TRAIN_CONLL_PATH	C:\Program Files\Python311\Lib\site-packages\thehow\dependency_probe\datasets\conll\wsj\en_wsj-ud-train.conllu
DEV_CONLL_PATH	C:\Program Files\Python311\Lib\site-packages\thehow\dependency_probe\datasets\conll\wsj\en_wsj-ud-dev.conllu
TEST_CONLL_PATH	C:\Program Files\Python311\Lib\site-packages\thehow\dependency_probe\datasets\conll\wsj\en_wsj-ud-test.conllu
DEPD_DIRECTED	False
DATASET_PKL_PATH	C:\Program Files\Python311\Lib\site-packages\thehow\dependency_probe\datasets\pkl
REPORTS_PATH	C:\Program Files\Python311\Lib\site-packages\thehow\dependency_probe\reports
METHOD	pairwisedepd
