[Mean spearmanr for sents of len 5-50]
0.6877440523820315

[UUAS]
0.45607879145624275

[SPEARMANR]
sent_len	mean_spearmanr
2	0.9999999999999998
3	0.88029561190182
4	0.7109803483221523
5	0.6658035001113489
6	0.7056051457856642
7	0.6918306858909963
8	0.6642388460429458
9	0.6703051606627549
10	0.6900604853506401
11	0.6717141627328079
12	0.6975888921951844
13	0.6975582733243127
14	0.677376680603159
15	0.6927281316997904
16	0.7000868093503327
17	0.6953187291719012
18	0.6924583067472945
19	0.6880488426375312
20	0.6970751645259888
21	0.690796731900464
22	0.6951330653906199
23	0.6943894346466933
24	0.6924473238776362
25	0.6808809097951075
26	0.6794040787352122
27	0.6893681773998198
28	0.7012835220192242
29	0.6926501690882133
30	0.6814582165707442
31	0.7007767136062367
32	0.69742440577371
33	0.6861992057012933
34	0.7079283189980841
35	0.6735080035343962
36	0.7019728055386981
37	0.6969047140456931
38	0.6905179714889147
39	0.6772781614684217
40	0.6941461183118987
41	0.6678599268362456
42	0.6860547109697706
43	0.666869135856117
44	0.7003398915595517
45	0.6975245673891084
46	0.6937823838865599
47	0.681185071653903
48	0.6868990260529849
49	0.6406568632272421
50	0.6927889674182299
51	0.7030744166586954
52	0.7205047057679242
53	0.6495273868065344
54	0.6381922655213204
55	0.6740071894889417
56	0.6213711529820805
57	0.6348793116902964
58	0.6765750778645397
59	0.6588901917801717
60	0.24104065356204335
61	0.5578239544998677
62	0.6417664612099993
63	0.6096245378692317
64	0.5471695147093646
65	0.6827796265017021
66	0.7053466803217158
67	0.5904898969091149
69	0.4663821949906923
90	0.1690727669314602
116	0.22053380624226568
118	0.23004446033599277

[EPOCH LOSSES]
0
1
2
3
4
5
6
7
8
9
10
11
12
13
14
15
16
17
18
19

[SETTINGS]
ROOT_PATH	C:\Program Files\Python311\Lib\site-packages\thehow\dependency_probe
MODEL_NAME	bert_large_uncased
MODEL_PATH	D:\transformers\bert\bert_large_uncased
MODEL_NLAYER	24
NDIM_TOKEN_EMBEDDING	1024
MODEL_CUDA	False
ONSITE_EMBEDDINGS	False
HIDDEN_LAYER	1
ONSITE_PROBES	True
LEARNING_RATE	0.001
PROBE_RANK	8
PROBE_CUDA	False
BATCH_SIZE	100
PROBE_SAVEPATH	C:\Program Files\Python311\Lib\site-packages\thehow\dependency_probe\probes
EPOCHS	20
PROBE_LOSS_POW	2
CONLL_ALIAS	wsj
CONLL_PATH	C:\Program Files\Python311\Lib\site-packages\thehow\dependency_probe\datasets\conll\wsj
TRAIN_CONLL_PATH	C:\Program Files\Python311\Lib\site-packages\thehow\dependency_probe\datasets\conll\wsj\en_wsj-ud-train.conllu
DEV_CONLL_PATH	C:\Program Files\Python311\Lib\site-packages\thehow\dependency_probe\datasets\conll\wsj\en_wsj-ud-dev.conllu
TEST_CONLL_PATH	C:\Program Files\Python311\Lib\site-packages\thehow\dependency_probe\datasets\conll\wsj\en_wsj-ud-test.conllu
DEPD_DIRECTED	False
DATASET_PKL_PATH	C:\Program Files\Python311\Lib\site-packages\thehow\dependency_probe\datasets\pkl
REPORTS_PATH	C:\Program Files\Python311\Lib\site-packages\thehow\dependency_probe\reports
METHOD	pairwisedepd
