[Mean spearmanr for sents of len 5-50]
0.7840098567366794

[UUAS]
0.5244747600620887

[SPEARMANR]
sent_len	mean_spearmanr
2	0.9999999999999998
3	0.844259575865784
4	0.6755715191670897
5	0.6578472410071788
6	0.706031755852137
7	0.7505233623186622
8	0.7065404042708046
9	0.7610711236350766
10	0.7599697734000483
11	0.7593711488002862
12	0.7817019905172788
13	0.8052068571707869
14	0.7715772090551071
15	0.7822710307478112
16	0.7930291417733012
17	0.797160109446023
18	0.7921559317264886
19	0.7987481468512684
20	0.790517637570256
21	0.796806549498573
22	0.8008982865377524
23	0.8006840184861269
24	0.8008078580739058
25	0.8054886241471512
26	0.7992717414248403
27	0.8054899078654791
28	0.8105170980199874
29	0.8066977201845842
30	0.7957091988043453
31	0.8071343340090407
32	0.8096110617505128
33	0.8041386830038448
34	0.8180508077477641
35	0.7970696377911672
36	0.7951381520577478
37	0.8023529426076821
38	0.8023416518251683
39	0.7911740711715931
40	0.7984323980661896
41	0.7847448995921016
42	0.7859501685477708
43	0.7822561038403344
44	0.7960105959348585
45	0.8039102943000562
46	0.797605899765517
47	0.7773147761653628
48	0.7756138831786243
49	0.7379881983880602
50	0.7615209829586059
51	0.8283125549406497
52	0.777492159132624
53	0.7728552280713616
54	0.743906941925603
55	0.749353953465027
56	0.6875691087904424
57	0.7139549148594784
58	0.7259371532908817
59	0.7127870713458616
60	0.4047310315610729
61	0.6638332440003807
62	0.8325487032037509
63	0.7837246476746189
64	0.6494695474202357
65	0.7366069616885884
66	0.7538395848039732
67	0.6496405251126294
69	0.7074386539951608
90	0.49053082817155447
116	0.48972986927246204
118	0.4298439721117295

[EPOCH LOSSES]
0
1
2
3
4
5
6
7
8
9
10
11
12
13
14
15
16
17
18
19

[SETTINGS]
ROOT_PATH	C:\Program Files\Python311\Lib\site-packages\thehow\dependency_probe
MODEL_NAME	bert_large_uncased
MODEL_PATH	D:\transformers\bert\bert_large_uncased
MODEL_NLAYER	24
NDIM_TOKEN_EMBEDDING	1024
MODEL_CUDA	False
ONSITE_EMBEDDINGS	False
HIDDEN_LAYER	17
ONSITE_PROBES	True
LEARNING_RATE	0.001
PROBE_RANK	8
PROBE_CUDA	False
BATCH_SIZE	100
PROBE_SAVEPATH	C:\Program Files\Python311\Lib\site-packages\thehow\dependency_probe\probes
EPOCHS	20
PROBE_LOSS_POW	2
CONLL_ALIAS	wsj
CONLL_PATH	C:\Program Files\Python311\Lib\site-packages\thehow\dependency_probe\datasets\conll\wsj
TRAIN_CONLL_PATH	C:\Program Files\Python311\Lib\site-packages\thehow\dependency_probe\datasets\conll\wsj\en_wsj-ud-train.conllu
DEV_CONLL_PATH	C:\Program Files\Python311\Lib\site-packages\thehow\dependency_probe\datasets\conll\wsj\en_wsj-ud-dev.conllu
TEST_CONLL_PATH	C:\Program Files\Python311\Lib\site-packages\thehow\dependency_probe\datasets\conll\wsj\en_wsj-ud-test.conllu
DEPD_DIRECTED	False
DATASET_PKL_PATH	C:\Program Files\Python311\Lib\site-packages\thehow\dependency_probe\datasets\pkl
REPORTS_PATH	C:\Program Files\Python311\Lib\site-packages\thehow\dependency_probe\reports
METHOD	pairwisedepd
