[Mean spearmanr for sents of len 5-50]
0.7521055624192539

[UUAS]
0.49829474650750966

[SPEARMANR]
sent_len	mean_spearmanr
2	0.9999999999999998
3	0.8307460623522706
4	0.6791429477385182
5	0.6750569063522394
6	0.6983406033215137
7	0.7039793356146887
8	0.711189766553593
9	0.737920642251749
10	0.7162492420753787
11	0.7375436646212499
12	0.7413396517684072
13	0.74862025729049
14	0.7387946334929336
15	0.7457990575777761
16	0.7463941911564826
17	0.7495016347408633
18	0.7534250596954519
19	0.7592525238750185
20	0.7547087621279457
21	0.7593447789247684
22	0.7598074808946086
23	0.7630595066190858
24	0.7659736489539704
25	0.7649678770591989
26	0.764021030000274
27	0.7689202778304552
28	0.7769540513274263
29	0.7705329739697255
30	0.759801623744991
31	0.7766417586075406
32	0.7772386574376011
33	0.7777703790320196
34	0.7855431367959829
35	0.7538625038779458
36	0.7629629910987991
37	0.772367919959617
38	0.7675546543297899
39	0.7610924246662533
40	0.7714641189146844
41	0.7616099224023551
42	0.7580355605126724
43	0.7560334131639956
44	0.7713361353395803
45	0.7676166355898805
46	0.7674436221850868
47	0.7504487563801726
48	0.7450035764134192
49	0.7112897011179514
50	0.7300408216200501
51	0.7953051285917888
52	0.7383491947704978
53	0.7580853953406304
54	0.6990474352874064
55	0.7215233519426623
56	0.6582700716049169
57	0.6894848309856139
58	0.7083879062504207
59	0.676263799147928
60	0.40143158371395177
61	0.6405075464062374
62	0.8063209756315649
63	0.7783017969782597
64	0.6291222873237335
65	0.7282896336794588
66	0.7169314518351276
67	0.6369527302534393
69	0.6850531706549626
90	0.5410242866335504
116	0.47735404769182427
118	0.4388652170767608

[EPOCH LOSSES]
0
1
2
3
4
5
6
7
8
9
10
11
12
13
14
15
16
17
18
19

[SETTINGS]
ROOT_PATH	C:\Program Files\Python311\Lib\site-packages\thehow\dependency_probe
MODEL_NAME	bert_large_uncased
MODEL_PATH	D:\transformers\bert\bert_large_uncased
MODEL_NLAYER	24
NDIM_TOKEN_EMBEDDING	1024
MODEL_CUDA	False
ONSITE_EMBEDDINGS	False
HIDDEN_LAYER	19
ONSITE_PROBES	True
LEARNING_RATE	0.001
PROBE_RANK	8
PROBE_CUDA	False
BATCH_SIZE	100
PROBE_SAVEPATH	C:\Program Files\Python311\Lib\site-packages\thehow\dependency_probe\probes
EPOCHS	20
PROBE_LOSS_POW	2
CONLL_ALIAS	wsj
CONLL_PATH	C:\Program Files\Python311\Lib\site-packages\thehow\dependency_probe\datasets\conll\wsj
TRAIN_CONLL_PATH	C:\Program Files\Python311\Lib\site-packages\thehow\dependency_probe\datasets\conll\wsj\en_wsj-ud-train.conllu
DEV_CONLL_PATH	C:\Program Files\Python311\Lib\site-packages\thehow\dependency_probe\datasets\conll\wsj\en_wsj-ud-dev.conllu
TEST_CONLL_PATH	C:\Program Files\Python311\Lib\site-packages\thehow\dependency_probe\datasets\conll\wsj\en_wsj-ud-test.conllu
DEPD_DIRECTED	False
DATASET_PKL_PATH	C:\Program Files\Python311\Lib\site-packages\thehow\dependency_probe\datasets\pkl
REPORTS_PATH	C:\Program Files\Python311\Lib\site-packages\thehow\dependency_probe\reports
METHOD	pairwisedepd
