[Mean spearmanr for sents of len 5-50]
0.7874953674286231

[UUAS]
0.5367831923219868

[SPEARMANR]
sent_len	mean_spearmanr
2	0.9999999999999998
3	0.8307460623522706
4	0.7494619617987437
5	0.6578202527573933
6	0.7322322891331102
7	0.7641870535932451
8	0.7551344608646756
9	0.7814942478089427
10	0.7866003201746585
11	0.784218605690179
12	0.7986962802542682
13	0.8071495114649967
14	0.7741329202568963
15	0.7906171189209178
16	0.7945011197436076
17	0.802851808137113
18	0.7967535538537263
19	0.8038627193365714
20	0.7950501723311563
21	0.7997634490717656
22	0.8067665209050253
23	0.8037997290729623
24	0.8041016214745017
25	0.8096969775324608
26	0.79981804923756
27	0.8061352958507944
28	0.8139119331920754
29	0.8080490334768303
30	0.7938107913426432
31	0.8072420498585924
32	0.8047545476968573
33	0.7996262853867913
34	0.8175863675992345
35	0.7939393018244963
36	0.7969241382603025
37	0.798154430436499
38	0.7988911690964671
39	0.7906270175063592
40	0.7958760129742798
41	0.7778049018345603
42	0.7855339477968863
43	0.7659050727786478
44	0.790146557100218
45	0.7963897907857771
46	0.7936025883962353
47	0.7708878439331363
48	0.7786813954062946
49	0.7270327220734855
50	0.7640249254934596
51	0.8162044217150006
52	0.7762263272228902
53	0.7569890371699866
54	0.7202928197081446
55	0.7363594806876167
56	0.6816779812318553
57	0.7034771526094769
58	0.7365710006276511
59	0.7074504618277571
60	0.36133369329519865
61	0.6496208187639296
62	0.7904294180285913
63	0.7768091030474528
64	0.6359041195168376
65	0.7729973242103528
66	0.7658049600274968
67	0.6361272851117249
69	0.668876077353814
90	0.489318207170161
116	0.479401001101791
118	0.4575046466867953

[EPOCH LOSSES]
0
1
2
3
4
5
6
7
8
9
10
11
12
13
14
15
16
17
18
19

[SETTINGS]
ROOT_PATH	C:\Program Files\Python311\Lib\site-packages\thehow\dependency_probe
MODEL_NAME	bert_large_uncased
MODEL_PATH	D:\transformers\bert\bert_large_uncased
MODEL_NLAYER	24
NDIM_TOKEN_EMBEDDING	1024
MODEL_CUDA	False
ONSITE_EMBEDDINGS	False
HIDDEN_LAYER	14
ONSITE_PROBES	True
LEARNING_RATE	0.001
PROBE_RANK	8
PROBE_CUDA	False
BATCH_SIZE	100
PROBE_SAVEPATH	C:\Program Files\Python311\Lib\site-packages\thehow\dependency_probe\probes
EPOCHS	20
PROBE_LOSS_POW	2
CONLL_ALIAS	wsj
CONLL_PATH	C:\Program Files\Python311\Lib\site-packages\thehow\dependency_probe\datasets\conll\wsj
TRAIN_CONLL_PATH	C:\Program Files\Python311\Lib\site-packages\thehow\dependency_probe\datasets\conll\wsj\en_wsj-ud-train.conllu
DEV_CONLL_PATH	C:\Program Files\Python311\Lib\site-packages\thehow\dependency_probe\datasets\conll\wsj\en_wsj-ud-dev.conllu
TEST_CONLL_PATH	C:\Program Files\Python311\Lib\site-packages\thehow\dependency_probe\datasets\conll\wsj\en_wsj-ud-test.conllu
DEPD_DIRECTED	False
DATASET_PKL_PATH	C:\Program Files\Python311\Lib\site-packages\thehow\dependency_probe\datasets\pkl
REPORTS_PATH	C:\Program Files\Python311\Lib\site-packages\thehow\dependency_probe\reports
METHOD	pairwisedepd
