[Mean spearmanr for sents of len 5-50]
0.7059915763814201

[UUAS]
0.45396908681489256

[SPEARMANR]
sent_len	mean_spearmanr
2	0.9999999999999998
3	0.8307460623522706
4	0.6886667572623278
5	0.5753091508518937
6	0.6437454249294129
7	0.6292952937737426
8	0.6480309848669731
9	0.6775600584741991
10	0.6855494808138175
11	0.7117393968714149
12	0.7223511112344606
13	0.7326466125360283
14	0.7061490726983803
15	0.7183586877001182
16	0.7356287808679793
17	0.729818556118914
18	0.7270560313446427
19	0.729706343466237
20	0.7319865866519008
21	0.731099901273128
22	0.7344297498304168
23	0.7256673975502597
24	0.7301384825607156
25	0.7211039423859336
26	0.7179120263525164
27	0.7275371247471933
28	0.7330465669718181
29	0.7183146356855826
30	0.7124969462127693
31	0.7288842346248464
32	0.7289878828660779
33	0.7149862322475536
34	0.7352570876997757
35	0.7038128338251355
36	0.7197209241348167
37	0.7189060871155771
38	0.7087261221760615
39	0.7025007384063302
40	0.7113454732396237
41	0.6901019809064443
42	0.6964421017138284
43	0.6812614720128218
44	0.7130546478077466
45	0.7103087749063461
46	0.7083547994913432
47	0.6932263834038652
48	0.6935886433788977
49	0.6654018915530436
50	0.6940658552647406
51	0.7323289535610782
52	0.72088650561745
53	0.6912546387915585
54	0.6368366369644585
55	0.6856236263243739
56	0.6238354661520286
57	0.6145943324233542
58	0.6462916795847677
59	0.6635191489745156
60	0.3141061344458494
61	0.5923588546295995
62	0.6844971914154648
63	0.6514720589848476
64	0.5588124844966782
65	0.7334757659837716
66	0.6891973688058092
67	0.5724120796343535
69	0.5053456718768394
90	0.3644327212803006
116	0.3323056493140926
118	0.40023212179008294

[EPOCH LOSSES]
0
1
2
3
4
5
6
7
8
9
10
11
12
13
14
15
16
17
18
19

[SETTINGS]
ROOT_PATH	C:\Program Files\Python311\Lib\site-packages\thehow\dependency_probe
MODEL_NAME	bert_large_uncased
MODEL_PATH	D:\transformers\bert\bert_large_uncased
MODEL_NLAYER	24
NDIM_TOKEN_EMBEDDING	1024
MODEL_CUDA	False
ONSITE_EMBEDDINGS	False
HIDDEN_LAYER	6
ONSITE_PROBES	True
LEARNING_RATE	0.001
PROBE_RANK	128
PROBE_CUDA	False
BATCH_SIZE	100
PROBE_SAVEPATH	C:\Program Files\Python311\Lib\site-packages\thehow\dependency_probe\probes
EPOCHS	20
PROBE_LOSS_POW	2
CONLL_ALIAS	wsj
CONLL_PATH	C:\Program Files\Python311\Lib\site-packages\thehow\dependency_probe\datasets\conll\wsj
TRAIN_CONLL_PATH	C:\Program Files\Python311\Lib\site-packages\thehow\dependency_probe\datasets\conll\wsj\en_wsj-ud-train.conllu
DEV_CONLL_PATH	C:\Program Files\Python311\Lib\site-packages\thehow\dependency_probe\datasets\conll\wsj\en_wsj-ud-dev.conllu
TEST_CONLL_PATH	C:\Program Files\Python311\Lib\site-packages\thehow\dependency_probe\datasets\conll\wsj\en_wsj-ud-test.conllu
DEPD_DIRECTED	False
DATASET_PKL_PATH	C:\Program Files\Python311\Lib\site-packages\thehow\dependency_probe\datasets\pkl
REPORTS_PATH	C:\Program Files\Python311\Lib\site-packages\thehow\dependency_probe\reports
METHOD	pairwisedepd
