[Mean spearmanr for sents of len 5-50]
0.7906508914015297

[UUAS]
0.5321702630025579

[SPEARMANR]
sent_len	mean_spearmanr
2	0.9999999999999998
3	0.9028181344243426
4	0.7639408637751346
5	0.6844479977550194
6	0.7650749116546738
7	0.7684523459310911
8	0.7649608310623139
9	0.7931755773119066
10	0.7807852752650911
11	0.8013893478068614
12	0.8148588589609246
13	0.8228032613134445
14	0.7893597887256653
15	0.8054091093188971
16	0.8117356149531969
17	0.8121633200215812
18	0.8079712933041305
19	0.809244621584371
20	0.8052833384034589
21	0.8076638505525549
22	0.8068898581875525
23	0.8053752058007594
24	0.809394721841472
25	0.803041524427752
26	0.7971106576229791
27	0.805996998443428
28	0.8102594196551874
29	0.8027277750388677
30	0.7933921221099249
31	0.8018031093559909
32	0.8043283568045515
33	0.791578183501254
34	0.8126906245748377
35	0.7838352738623491
36	0.793550113303063
37	0.7950679887179944
38	0.7970061149812678
39	0.7881647787606688
40	0.7952498042490596
41	0.7773859853064451
42	0.7767672465744431
43	0.7648164600000147
44	0.7852278252168606
45	0.7847652754522537
46	0.7881464415850132
47	0.7696757754365516
48	0.780362319191911
49	0.7295787561987854
50	0.770972944343946
51	0.7964186685616295
52	0.7930175373372296
53	0.7422087243234811
54	0.7031468053141093
55	0.7291418002365381
56	0.6860571073464136
57	0.6916514056833097
58	0.7282533155901927
59	0.7005492673613565
60	0.3291203881251185
61	0.6284212761600105
62	0.7378005809747679
63	0.7484486437713032
64	0.6243965945839985
65	0.76625496500869
66	0.7657464010138382
67	0.6465395751891962
69	0.6223522904598365
90	0.45736952703372796
116	0.49824544337427906
118	0.42639869930088115

[EPOCH LOSSES]
0
1
2
3
4
5
6
7
8
9
10
11
12
13
14
15
16
17
18
19

[SETTINGS]
ROOT_PATH	C:\Program Files\Python311\Lib\site-packages\thehow\dependency_probe
MODEL_NAME	bert_large_uncased
MODEL_PATH	D:\transformers\bert\bert_large_uncased
MODEL_NLAYER	24
NDIM_TOKEN_EMBEDDING	1024
MODEL_CUDA	False
ONSITE_EMBEDDINGS	False
HIDDEN_LAYER	12
ONSITE_PROBES	True
LEARNING_RATE	0.001
PROBE_RANK	128
PROBE_CUDA	False
BATCH_SIZE	100
PROBE_SAVEPATH	C:\Program Files\Python311\Lib\site-packages\thehow\dependency_probe\probes
EPOCHS	20
PROBE_LOSS_POW	2
CONLL_ALIAS	wsj
CONLL_PATH	C:\Program Files\Python311\Lib\site-packages\thehow\dependency_probe\datasets\conll\wsj
TRAIN_CONLL_PATH	C:\Program Files\Python311\Lib\site-packages\thehow\dependency_probe\datasets\conll\wsj\en_wsj-ud-train.conllu
DEV_CONLL_PATH	C:\Program Files\Python311\Lib\site-packages\thehow\dependency_probe\datasets\conll\wsj\en_wsj-ud-dev.conllu
TEST_CONLL_PATH	C:\Program Files\Python311\Lib\site-packages\thehow\dependency_probe\datasets\conll\wsj\en_wsj-ud-test.conllu
DEPD_DIRECTED	False
DATASET_PKL_PATH	C:\Program Files\Python311\Lib\site-packages\thehow\dependency_probe\datasets\pkl
REPORTS_PATH	C:\Program Files\Python311\Lib\site-packages\thehow\dependency_probe\reports
METHOD	pairwisedepd
