[Mean spearmanr for sents of len 5-50]
0.754798696724106

[UUAS]
0.49067576135195995

[SPEARMANR]
sent_len	mean_spearmanr
2	0.9999999999999998
3	0.8577730893792975
4	0.6998483371800971
5	0.6405357812573641
6	0.6733814815024537
7	0.7095688128518802
8	0.7094313929165423
9	0.7491447735666352
10	0.7425342939062579
11	0.7588142364785563
12	0.7752987790600356
13	0.7864258006996502
14	0.7492757420154513
15	0.7695801569625412
16	0.7819564274926406
17	0.7760383078949633
18	0.772130626879648
19	0.7752738110411445
20	0.7703646876128843
21	0.7801671546964717
22	0.7761302108533353
23	0.7726485906341892
24	0.7781179944143409
25	0.7701884117790603
26	0.7641809265850676
27	0.7785465902293057
28	0.7814444089655832
29	0.7730564193489176
30	0.7600060397592421
31	0.7724606006904174
32	0.7751932981530497
33	0.7617141811276361
34	0.7851843159195473
35	0.7475156234641245
36	0.7633179287626286
37	0.7646934971204982
38	0.7648005345095137
39	0.7537275359275509
40	0.7599320494444075
41	0.7384393671818097
42	0.7437041205567233
43	0.7356108260388105
44	0.753523239712258
45	0.7552258666417142
46	0.7522436131952387
47	0.735653203837014
48	0.7510564009140345
49	0.6949494796755868
50	0.7375525070321504
51	0.7610641664764713
52	0.7600431919311531
53	0.718069458713818
54	0.6778025464328369
55	0.7116302006547484
56	0.6592972552768428
57	0.6669067352946162
58	0.7102272283026628
59	0.6935075477231677
60	0.3037359098013036
61	0.6185205577628663
62	0.7032482112694899
63	0.7066650924286905
64	0.6034579256636347
65	0.7512084227231647
66	0.7352405018893533
67	0.6443651539779447
69	0.56979926294613
90	0.43703448622774826
116	0.4596133241372686
118	0.43301376299725874

[EPOCH LOSSES]
0
1
2
3
4
5
6
7
8
9
10
11
12
13
14
15
16
17
18
19

[SETTINGS]
ROOT_PATH	C:\Program Files\Python311\Lib\site-packages\thehow\dependency_probe
MODEL_NAME	bert_large_uncased
MODEL_PATH	D:\transformers\bert\bert_large_uncased
MODEL_NLAYER	24
NDIM_TOKEN_EMBEDDING	1024
MODEL_CUDA	False
ONSITE_EMBEDDINGS	False
HIDDEN_LAYER	10
ONSITE_PROBES	True
LEARNING_RATE	0.001
PROBE_RANK	128
PROBE_CUDA	False
BATCH_SIZE	100
PROBE_SAVEPATH	C:\Program Files\Python311\Lib\site-packages\thehow\dependency_probe\probes
EPOCHS	20
PROBE_LOSS_POW	2
CONLL_ALIAS	wsj
CONLL_PATH	C:\Program Files\Python311\Lib\site-packages\thehow\dependency_probe\datasets\conll\wsj
TRAIN_CONLL_PATH	C:\Program Files\Python311\Lib\site-packages\thehow\dependency_probe\datasets\conll\wsj\en_wsj-ud-train.conllu
DEV_CONLL_PATH	C:\Program Files\Python311\Lib\site-packages\thehow\dependency_probe\datasets\conll\wsj\en_wsj-ud-dev.conllu
TEST_CONLL_PATH	C:\Program Files\Python311\Lib\site-packages\thehow\dependency_probe\datasets\conll\wsj\en_wsj-ud-test.conllu
DEPD_DIRECTED	False
DATASET_PKL_PATH	C:\Program Files\Python311\Lib\site-packages\thehow\dependency_probe\datasets\pkl
REPORTS_PATH	C:\Program Files\Python311\Lib\site-packages\thehow\dependency_probe\reports
METHOD	pairwisedepd
