[Mean spearmanr for sents of len 5-50]
0.6921334375997307

[UUAS]
0.47456330207035263

[SPEARMANR]
sent_len	mean_spearmanr
2	0.9999999999999998
3	0.8622775938838021
4	0.7287252223107487
5	0.6775704683073627
6	0.724639541921665
7	0.6817820539770683
8	0.6790051742149267
9	0.6680878876188493
10	0.696641436929288
11	0.6808727496914584
12	0.710909040341552
13	0.6983595748151546
14	0.6742812909781392
15	0.6920858168149943
16	0.7024102827135246
17	0.695802896220578
18	0.6946276396786317
19	0.6945267249818353
20	0.6934791912376645
21	0.6897762640237642
22	0.6966419408711476
23	0.6947771025799878
24	0.6950336494197005
25	0.6824823730774516
26	0.6832861682997412
27	0.6905449862056254
28	0.7022328116622374
29	0.6929257575413248
30	0.6860451148439839
31	0.7033638410959575
32	0.7000243544313087
33	0.6857255873170675
34	0.7099270603237579
35	0.6744385037807179
36	0.7046024633717759
37	0.6999025692791345
38	0.690965228608724
39	0.6871359080299695
40	0.7007794205502486
41	0.6726905785700741
42	0.6861352897396762
43	0.674637156619428
44	0.711413458527131
45	0.7076567084874418
46	0.7006989311800896
47	0.6857908619587313
48	0.7001384677077432
49	0.668098193536258
50	0.6951856075047187
51	0.7137630779053167
52	0.7145083726551126
53	0.685972606654758
54	0.6389268724916409
55	0.7032758075164901
56	0.630207860935858
57	0.63828420650533
58	0.6893857530922469
59	0.6812537276988225
60	0.4033895571409151
61	0.6006788237897938
62	0.6760662496663391
63	0.6380765710030788
64	0.6117039800726133
65	0.6972200210184748
66	0.7117170865498392
67	0.60770328788343
69	0.5900516774533564
90	0.4016625423362526
116	0.3644422479649835
118	0.3398893717000839

[EPOCH LOSSES]
0
1
2
3
4
5
6
7
8
9
10
11
12
13
14
15
16
17
18
19

[SETTINGS]
ROOT_PATH	C:\Program Files\Python311\Lib\site-packages\thehow\dependency_probe
MODEL_NAME	bert_large_uncased
MODEL_PATH	D:\transformers\bert\bert_large_uncased
MODEL_NLAYER	24
NDIM_TOKEN_EMBEDDING	1024
MODEL_CUDA	False
ONSITE_EMBEDDINGS	False
HIDDEN_LAYER	0
ONSITE_PROBES	True
LEARNING_RATE	0.001
PROBE_RANK	128
PROBE_CUDA	False
BATCH_SIZE	100
PROBE_SAVEPATH	C:\Program Files\Python311\Lib\site-packages\thehow\dependency_probe\probes
EPOCHS	20
PROBE_LOSS_POW	2
CONLL_ALIAS	wsj
CONLL_PATH	C:\Program Files\Python311\Lib\site-packages\thehow\dependency_probe\datasets\conll\wsj
TRAIN_CONLL_PATH	C:\Program Files\Python311\Lib\site-packages\thehow\dependency_probe\datasets\conll\wsj\en_wsj-ud-train.conllu
DEV_CONLL_PATH	C:\Program Files\Python311\Lib\site-packages\thehow\dependency_probe\datasets\conll\wsj\en_wsj-ud-dev.conllu
TEST_CONLL_PATH	C:\Program Files\Python311\Lib\site-packages\thehow\dependency_probe\datasets\conll\wsj\en_wsj-ud-test.conllu
DEPD_DIRECTED	False
DATASET_PKL_PATH	C:\Program Files\Python311\Lib\site-packages\thehow\dependency_probe\datasets\pkl
REPORTS_PATH	C:\Program Files\Python311\Lib\site-packages\thehow\dependency_probe\reports
METHOD	pairwisedepd
