[Mean spearmanr for sents of len 5-50]
0.8106353586429059

[UUAS]
0.5606786034411141

[SPEARMANR]
sent_len	mean_spearmanr
2	0.9999999999999998
3	0.8577730893792975
4	0.7102885163815759
5	0.652239296448572
6	0.751269260103748
7	0.7635719383386098
8	0.7305242911637758
9	0.7987305550389926
10	0.7854901383965655
11	0.7938952013304827
12	0.8182234184809615
13	0.832254977266784
14	0.7993226455605388
15	0.8145692044629577
16	0.8239151634425477
17	0.8285997097710879
18	0.8269237176836982
19	0.8293665423001054
20	0.8207324997643193
21	0.826930710818849
22	0.8279142985787441
23	0.8258539517792209
24	0.8266547974510737
25	0.834125895026264
26	0.8274542024369156
27	0.8317992218291441
28	0.833244789891665
29	0.8306002904123361
30	0.8193123349901875
31	0.8300550799728694
32	0.8329711424221726
33	0.828245779311902
34	0.8389759563534511
35	0.8206519060082671
36	0.8214991064797766
37	0.8236282093791493
38	0.8221249271453435
39	0.8192064640042352
40	0.8280498322923526
41	0.8127368065816669
42	0.8097590700161544
43	0.8037521578890254
44	0.8203904487195474
45	0.829755100836303
46	0.8236268599751256
47	0.8067196645269896
48	0.8015083132770525
49	0.7718842932923209
50	0.7901663263218182
51	0.8473857305622376
52	0.808327633688703
53	0.8155676747145353
54	0.764379545283154
55	0.7596930313326546
56	0.7260048716440901
57	0.7606846303956577
58	0.7617246647413493
59	0.7424912721118886
60	0.43179125155963466
61	0.6883206523538754
62	0.8402316580213486
63	0.8198124671343806
64	0.6662131980456256
65	0.7724652256505788
66	0.8098240650527267
67	0.7159040884553591
69	0.7227499780781539
90	0.5279292874472852
116	0.548209481229756
118	0.4862130487899809

[EPOCH LOSSES]
0
1
2
3
4
5
6
7
8
9
10
11
12
13
14
15
16
17
18
19

[SETTINGS]
ROOT_PATH	C:\Program Files\Python311\Lib\site-packages\thehow\dependency_probe
MODEL_NAME	bert_large_uncased
MODEL_PATH	D:\transformers\bert\bert_large_uncased
MODEL_NLAYER	24
NDIM_TOKEN_EMBEDDING	1024
MODEL_CUDA	False
ONSITE_EMBEDDINGS	False
HIDDEN_LAYER	17
ONSITE_PROBES	True
LEARNING_RATE	0.001
PROBE_RANK	128
PROBE_CUDA	False
BATCH_SIZE	100
PROBE_SAVEPATH	C:\Program Files\Python311\Lib\site-packages\thehow\dependency_probe\probes
EPOCHS	20
PROBE_LOSS_POW	2
CONLL_ALIAS	wsj
CONLL_PATH	C:\Program Files\Python311\Lib\site-packages\thehow\dependency_probe\datasets\conll\wsj
TRAIN_CONLL_PATH	C:\Program Files\Python311\Lib\site-packages\thehow\dependency_probe\datasets\conll\wsj\en_wsj-ud-train.conllu
DEV_CONLL_PATH	C:\Program Files\Python311\Lib\site-packages\thehow\dependency_probe\datasets\conll\wsj\en_wsj-ud-dev.conllu
TEST_CONLL_PATH	C:\Program Files\Python311\Lib\site-packages\thehow\dependency_probe\datasets\conll\wsj\en_wsj-ud-test.conllu
DEPD_DIRECTED	False
DATASET_PKL_PATH	C:\Program Files\Python311\Lib\site-packages\thehow\dependency_probe\datasets\pkl
REPORTS_PATH	C:\Program Files\Python311\Lib\site-packages\thehow\dependency_probe\reports
METHOD	pairwisedepd
