[Mean spearmanr for sents of len 5-50]
0.8160148858805947

[UUAS]
0.5617389213178549

[SPEARMANR]
sent_len	mean_spearmanr
2	0.9999999999999998
3	0.88029561190182
4	0.7593721467039065
5	0.6911417977387446
6	0.7676822270570908
7	0.7868406598819561
8	0.7623900255692494
9	0.8109573987843252
10	0.7957722021938215
11	0.8133566719899527
12	0.8266518568832188
13	0.8394231551224245
14	0.8034456155307893
15	0.8205026603100328
16	0.8310242578115049
17	0.8356306138651781
18	0.8338159392029322
19	0.8340039859747419
20	0.8268081827955924
21	0.8303160933147229
22	0.8326767430811194
23	0.8312214245591355
24	0.8346101362813723
25	0.8395931977761889
26	0.8288567142071642
27	0.835875749809353
28	0.840608302216222
29	0.8309326007777914
30	0.8231363692359919
31	0.8337070203872738
32	0.8311791250373598
33	0.8319586347074258
34	0.8430274375301848
35	0.8196767024758363
36	0.8226944652140783
37	0.8239375788938886
38	0.8255256331521085
39	0.8209053394103148
40	0.8246431541329721
41	0.8080793202700082
42	0.8118496098348215
43	0.7973993151750707
44	0.8143915597518302
45	0.8288416616132396
46	0.8204008756950625
47	0.8039961579574675
48	0.8111647161373462
49	0.7628678799845586
50	0.7931639811758769
51	0.8486507156200167
52	0.822136761802905
53	0.7968576062436786
54	0.7524846464358895
55	0.7525721700522529
56	0.7275478313172792
57	0.7602059296412382
58	0.7640446931534408
59	0.7530100399538551
60	0.39870296299513147
61	0.6778966276425873
62	0.8185342868142099
63	0.8164625816558273
64	0.6584514566457726
65	0.775043163144096
66	0.8175853378396297
67	0.7155633723486643
69	0.6924054565855183
90	0.4946610474928987
116	0.5203925527351407
118	0.4581506943280368

[EPOCH LOSSES]
0
1
2
3
4
5
6
7
8
9
10
11
12
13
14
15
16
17
18
19

[SETTINGS]
ROOT_PATH	C:\Program Files\Python311\Lib\site-packages\thehow\dependency_probe
MODEL_NAME	bert_large_uncased
MODEL_PATH	D:\transformers\bert\bert_large_uncased
MODEL_NLAYER	24
NDIM_TOKEN_EMBEDDING	1024
MODEL_CUDA	False
ONSITE_EMBEDDINGS	False
HIDDEN_LAYER	15
ONSITE_PROBES	True
LEARNING_RATE	0.001
PROBE_RANK	128
PROBE_CUDA	False
BATCH_SIZE	100
PROBE_SAVEPATH	C:\Program Files\Python311\Lib\site-packages\thehow\dependency_probe\probes
EPOCHS	20
PROBE_LOSS_POW	2
CONLL_ALIAS	wsj
CONLL_PATH	C:\Program Files\Python311\Lib\site-packages\thehow\dependency_probe\datasets\conll\wsj
TRAIN_CONLL_PATH	C:\Program Files\Python311\Lib\site-packages\thehow\dependency_probe\datasets\conll\wsj\en_wsj-ud-train.conllu
DEV_CONLL_PATH	C:\Program Files\Python311\Lib\site-packages\thehow\dependency_probe\datasets\conll\wsj\en_wsj-ud-dev.conllu
TEST_CONLL_PATH	C:\Program Files\Python311\Lib\site-packages\thehow\dependency_probe\datasets\conll\wsj\en_wsj-ud-test.conllu
DEPD_DIRECTED	False
DATASET_PKL_PATH	C:\Program Files\Python311\Lib\site-packages\thehow\dependency_probe\datasets\pkl
REPORTS_PATH	C:\Program Files\Python311\Lib\site-packages\thehow\dependency_probe\reports
METHOD	pairwisedepd
