[Mean spearmanr for sents of len 5-50]
0.8164071213450097

[UUAS]
0.5590935921820686

[SPEARMANR]
sent_len	mean_spearmanr
2	0.9999999999999998
3	0.8757911073973156
4	0.7726605724898212
5	0.7030727685779706
6	0.7752816632961183
7	0.7933043611221864
8	0.7750162065088159
9	0.8102380511643233
10	0.8041523312248495
11	0.8205147417772869
12	0.8355885042125811
13	0.8473598248236356
14	0.808230161913401
15	0.8265500147534125
16	0.8309756597480161
17	0.8373895022791389
18	0.8331228770888989
19	0.8343423600171315
20	0.8267828522175037
21	0.8309704761533491
22	0.8343026520325029
23	0.8327089657980953
24	0.8339965839035975
25	0.8387923416847888
26	0.8247038171380517
27	0.83181621286018
28	0.838232308580933
29	0.83002281804795
30	0.8197870580584818
31	0.8323960910866598
32	0.8293049897218278
33	0.8239586965812946
34	0.840545507099802
35	0.8164132135351679
36	0.8208667228721663
37	0.8212090993048257
38	0.8229055232061072
39	0.8190155986505051
40	0.8234570841508978
41	0.8066045276412355
42	0.808501177372601
43	0.793725760712007
44	0.8133073159782828
45	0.8214590263342809
46	0.8161778366122728
47	0.8063493991266889
48	0.8084285775319376
49	0.7569399114778503
50	0.7959064078908316
51	0.8419063345154135
52	0.824829910917222
53	0.7872020213828147
54	0.743947033731074
55	0.7522042411201212
56	0.7279885781607387
57	0.7472260624701278
58	0.7746164419264905
59	0.7443838947172238
60	0.39133745287397964
61	0.6674640250140115
62	0.7996965810195512
63	0.8045878370117916
64	0.6559564377428216
65	0.7945196123563756
66	0.8109058481300954
67	0.7027157823189267
69	0.672088401545582
90	0.49396099850933434
116	0.5259097261299097
118	0.4748346696320779

[EPOCH LOSSES]
0
1
2
3
4
5
6
7
8
9
10
11
12
13
14
15
16
17
18
19

[SETTINGS]
ROOT_PATH	C:\Program Files\Python311\Lib\site-packages\thehow\dependency_probe
MODEL_NAME	bert_large_uncased
MODEL_PATH	D:\transformers\bert\bert_large_uncased
MODEL_NLAYER	24
NDIM_TOKEN_EMBEDDING	1024
MODEL_CUDA	False
ONSITE_EMBEDDINGS	False
HIDDEN_LAYER	14
ONSITE_PROBES	True
LEARNING_RATE	0.001
PROBE_RANK	128
PROBE_CUDA	False
BATCH_SIZE	100
PROBE_SAVEPATH	C:\Program Files\Python311\Lib\site-packages\thehow\dependency_probe\probes
EPOCHS	20
PROBE_LOSS_POW	2
CONLL_ALIAS	wsj
CONLL_PATH	C:\Program Files\Python311\Lib\site-packages\thehow\dependency_probe\datasets\conll\wsj
TRAIN_CONLL_PATH	C:\Program Files\Python311\Lib\site-packages\thehow\dependency_probe\datasets\conll\wsj\en_wsj-ud-train.conllu
DEV_CONLL_PATH	C:\Program Files\Python311\Lib\site-packages\thehow\dependency_probe\datasets\conll\wsj\en_wsj-ud-dev.conllu
TEST_CONLL_PATH	C:\Program Files\Python311\Lib\site-packages\thehow\dependency_probe\datasets\conll\wsj\en_wsj-ud-test.conllu
DEPD_DIRECTED	False
DATASET_PKL_PATH	C:\Program Files\Python311\Lib\site-packages\thehow\dependency_probe\datasets\pkl
REPORTS_PATH	C:\Program Files\Python311\Lib\site-packages\thehow\dependency_probe\reports
METHOD	pairwisedepd
