[Mean spearmanr for sents of len 5-50]
0.7085264046837212

[UUAS]
0.44962943529874727

[SPEARMANR]
sent_len	mean_spearmanr
2	0.9999999999999998
3	0.799214530820739
4	0.6778402026794956
5	0.537076654155909
6	0.6603049355100371
7	0.6364250225578296
8	0.6567715332493431
9	0.6714280695851952
10	0.6916047356510572
11	0.6968325598740698
12	0.7228536258117911
13	0.7361646238238579
14	0.7085145558624321
15	0.7192785506124798
16	0.735539933760797
17	0.7309219186972971
18	0.7304692150381701
19	0.7328539639297471
20	0.7346992130210777
21	0.7375346248152931
22	0.7361707280996218
23	0.7280966610886294
24	0.7300219149652103
25	0.7246641944468192
26	0.72061870675602
27	0.7307470632739717
28	0.7371623464225519
29	0.7230552960210896
30	0.7171778380153817
31	0.7322086549727961
32	0.7345401151767499
33	0.7191888642595269
34	0.7382269789404124
35	0.7057422382055174
36	0.721556938876859
37	0.7223434029453811
38	0.7139374984498604
39	0.7066188945683851
40	0.71741580733169
41	0.6977506383118974
42	0.70380571298514
43	0.6885938666519364
44	0.7162243906686452
45	0.7127140315443202
46	0.7154258899834621
47	0.6985052079857454
48	0.6994405190081029
49	0.671786394590251
50	0.6892000849488173
51	0.7370688418822776
52	0.720926061661091
53	0.6949768700076392
54	0.6428293112836223
55	0.6833664773589594
56	0.6389117149031504
57	0.6196681577829303
58	0.660982137977761
59	0.668413624194291
60	0.33103747231668
61	0.6075802002843379
62	0.6917793167058465
63	0.6738079881391683
64	0.5700630989407399
65	0.7619872485209913
66	0.6902842555084514
67	0.5728169204276491
69	0.5508728574013001
90	0.4249287615828683
116	0.40090028707564146
118	0.44530985052922245

[EPOCH LOSSES]
0
1
2
3
4
5
6
7
8
9
10
11
12
13
14
15
16
17
18
19

[SETTINGS]
ROOT_PATH	C:\Program Files\Python311\Lib\site-packages\thehow\dependency_probe
MODEL_NAME	bert_large_uncased
MODEL_PATH	D:\transformers\bert\bert_large_uncased
MODEL_NLAYER	24
NDIM_TOKEN_EMBEDDING	1024
MODEL_CUDA	False
ONSITE_EMBEDDINGS	False
HIDDEN_LAYER	7
ONSITE_PROBES	True
LEARNING_RATE	0.001
PROBE_RANK	128
PROBE_CUDA	False
BATCH_SIZE	100
PROBE_SAVEPATH	C:\Program Files\Python311\Lib\site-packages\thehow\dependency_probe\probes
EPOCHS	20
PROBE_LOSS_POW	2
CONLL_ALIAS	wsj
CONLL_PATH	C:\Program Files\Python311\Lib\site-packages\thehow\dependency_probe\datasets\conll\wsj
TRAIN_CONLL_PATH	C:\Program Files\Python311\Lib\site-packages\thehow\dependency_probe\datasets\conll\wsj\en_wsj-ud-train.conllu
DEV_CONLL_PATH	C:\Program Files\Python311\Lib\site-packages\thehow\dependency_probe\datasets\conll\wsj\en_wsj-ud-dev.conllu
TEST_CONLL_PATH	C:\Program Files\Python311\Lib\site-packages\thehow\dependency_probe\datasets\conll\wsj\en_wsj-ud-test.conllu
DEPD_DIRECTED	False
DATASET_PKL_PATH	C:\Program Files\Python311\Lib\site-packages\thehow\dependency_probe\datasets\pkl
REPORTS_PATH	C:\Program Files\Python311\Lib\site-packages\thehow\dependency_probe\reports
METHOD	pairwisedepd
