[Mean spearmanr for sents of len 5-50]
0.7198884908428781

[UUAS]
0.46277956319275926

[SPEARMANR]
sent_len	mean_spearmanr
2	0.9999999999999998
3	0.8487640803702885
4	0.6895517768935809
5	0.6170753000765674
6	0.6601579759628429
7	0.673543041480656
8	0.6788436820423481
9	0.6891205927684577
10	0.7089401077968707
11	0.7221302254837745
12	0.7302922068338148
13	0.7359164312220533
14	0.7146124884414037
15	0.7289470090186131
16	0.7437668410456987
17	0.7383720336669459
18	0.7360150720668945
19	0.7384741933607124
20	0.7377214547683693
21	0.7392664871035082
22	0.742865749993013
23	0.7364811957861057
24	0.7403926416092961
25	0.7299149944960892
26	0.7252236785948939
27	0.7385140350539335
28	0.7413804053948169
29	0.7335576042998293
30	0.725424050259802
31	0.7395804586792298
32	0.7393221840911318
33	0.7251366760095694
34	0.7499728921827891
35	0.7144605471220609
36	0.7350644611831549
37	0.7325622006087842
38	0.7225561330140244
39	0.7130401691641217
40	0.7270419658444628
41	0.7038292602220517
42	0.7115466946383029
43	0.7006727860979867
44	0.7289109321668237
45	0.7250239577585036
46	0.7255295229931461
47	0.7070099835391208
48	0.716629136679254
49	0.679251914691694
50	0.7107792034588682
51	0.7395276042583014
52	0.7408916112710742
53	0.7019382313489645
54	0.6509960339548271
55	0.7021913402455993
56	0.6402446156568375
57	0.6246786852731956
58	0.6702653956547413
59	0.6819180937031891
60	0.32328520725855536
61	0.5954083476851599
62	0.6954548499776091
63	0.6594530386647234
64	0.5681121382709882
65	0.7355985504923643
66	0.7023964140342261
67	0.5863992664639978
69	0.5218083869376196
90	0.3501544532752146
116	0.31064144263951615
118	0.393658078606462

[EPOCH LOSSES]
0
1
2
3
4
5
6
7
8
9
10
11
12
13
14
15
16
17
18
19

[SETTINGS]
ROOT_PATH	C:\Program Files\Python311\Lib\site-packages\thehow\dependency_probe
MODEL_NAME	bert_large_uncased
MODEL_PATH	D:\transformers\bert\bert_large_uncased
MODEL_NLAYER	24
NDIM_TOKEN_EMBEDDING	1024
MODEL_CUDA	False
ONSITE_EMBEDDINGS	False
HIDDEN_LAYER	5
ONSITE_PROBES	True
LEARNING_RATE	0.001
PROBE_RANK	128
PROBE_CUDA	False
BATCH_SIZE	100
PROBE_SAVEPATH	C:\Program Files\Python311\Lib\site-packages\thehow\dependency_probe\probes
EPOCHS	20
PROBE_LOSS_POW	2
CONLL_ALIAS	wsj
CONLL_PATH	C:\Program Files\Python311\Lib\site-packages\thehow\dependency_probe\datasets\conll\wsj
TRAIN_CONLL_PATH	C:\Program Files\Python311\Lib\site-packages\thehow\dependency_probe\datasets\conll\wsj\en_wsj-ud-train.conllu
DEV_CONLL_PATH	C:\Program Files\Python311\Lib\site-packages\thehow\dependency_probe\datasets\conll\wsj\en_wsj-ud-dev.conllu
TEST_CONLL_PATH	C:\Program Files\Python311\Lib\site-packages\thehow\dependency_probe\datasets\conll\wsj\en_wsj-ud-test.conllu
DEPD_DIRECTED	False
DATASET_PKL_PATH	C:\Program Files\Python311\Lib\site-packages\thehow\dependency_probe\datasets\pkl
REPORTS_PATH	C:\Program Files\Python311\Lib\site-packages\thehow\dependency_probe\reports
METHOD	pairwisedepd
