[Mean spearmanr for sents of len 5-50]
0.6942202413711166

[UUAS]
0.44914846636496797

[SPEARMANR]
sent_len	mean_spearmanr
2	0.9999999999999998
3	0.8532685848747931
4	0.7164340850246335
5	0.6248981076716134
6	0.6870474432608444
7	0.6441670481882215
8	0.6625192341527251
9	0.6562642669084804
10	0.6778049221262709
11	0.6692364371823087
12	0.701763279739135
13	0.7067613553489899
14	0.686383724732733
15	0.6999044678608172
16	0.7104717542180623
17	0.711362970890646
18	0.7100950782390284
19	0.7075864199864423
20	0.7152565611866585
21	0.708401399919967
22	0.7153041861105262
23	0.7103727379250486
24	0.7171102269586452
25	0.6977872725955713
26	0.69874236460021
27	0.706548224108985
28	0.7171703819417067
29	0.7101397736055167
30	0.6975580465196023
31	0.7091877010631747
32	0.7058863513397662
33	0.6961418770245392
34	0.7211463969721721
35	0.6822853396266029
36	0.7091819243545607
37	0.7039874564364317
38	0.69445242860732
39	0.6850906024336887
40	0.7006134229331265
41	0.6753742989812725
42	0.6904935298182029
43	0.673717032398403
44	0.7109206582878901
45	0.7012575801820914
46	0.700282529222016
47	0.6813938487398266
48	0.696946526762894
49	0.6547700042800891
50	0.69034390762854
51	0.7179140050080591
52	0.7163227813043085
53	0.6686227753536159
54	0.6282761043193698
55	0.6885208251280509
56	0.6223059429250863
57	0.6268500008047205
58	0.6677266143211995
59	0.6565880649367757
60	0.31068680362435885
61	0.5701012555397521
62	0.6656873719726728
63	0.6258631019636135
64	0.5618279034191563
65	0.6749048649608781
66	0.6968770276487001
67	0.594281515634244
69	0.4865452901824797
90	0.30046638944698617
116	0.2636725089733549
118	0.27584721307262394

[EPOCH LOSSES]
0
1
2
3
4
5
6
7
8
9
10
11
12
13
14
15
16
17
18
19

[SETTINGS]
ROOT_PATH	C:\Program Files\Python311\Lib\site-packages\thehow\dependency_probe
MODEL_NAME	bert_large_uncased
MODEL_PATH	D:\transformers\bert\bert_large_uncased
MODEL_NLAYER	24
NDIM_TOKEN_EMBEDDING	1024
MODEL_CUDA	False
ONSITE_EMBEDDINGS	False
HIDDEN_LAYER	2
ONSITE_PROBES	True
LEARNING_RATE	0.001
PROBE_RANK	128
PROBE_CUDA	False
BATCH_SIZE	100
PROBE_SAVEPATH	C:\Program Files\Python311\Lib\site-packages\thehow\dependency_probe\probes
EPOCHS	20
PROBE_LOSS_POW	2
CONLL_ALIAS	wsj
CONLL_PATH	C:\Program Files\Python311\Lib\site-packages\thehow\dependency_probe\datasets\conll\wsj
TRAIN_CONLL_PATH	C:\Program Files\Python311\Lib\site-packages\thehow\dependency_probe\datasets\conll\wsj\en_wsj-ud-train.conllu
DEV_CONLL_PATH	C:\Program Files\Python311\Lib\site-packages\thehow\dependency_probe\datasets\conll\wsj\en_wsj-ud-dev.conllu
TEST_CONLL_PATH	C:\Program Files\Python311\Lib\site-packages\thehow\dependency_probe\datasets\conll\wsj\en_wsj-ud-test.conllu
DEPD_DIRECTED	False
DATASET_PKL_PATH	C:\Program Files\Python311\Lib\site-packages\thehow\dependency_probe\datasets\pkl
REPORTS_PATH	C:\Program Files\Python311\Lib\site-packages\thehow\dependency_probe\reports
METHOD	pairwisedepd
