[Mean spearmanr for sents of len 5-50]
0.7861194694266651

[UUAS]
0.5454843575785401

[SPEARMANR]
sent_len	mean_spearmanr
2	0.9999999999999998
3	0.8532685848747931
4	0.7174313735244331
5	0.6585642508064175
6	0.7201316362609984
7	0.7378250796239171
8	0.7310236625173767
9	0.7713806965151032
10	0.7618037875249996
11	0.7743548554697349
12	0.7847446689676042
13	0.7950009044770381
14	0.7702342986699318
15	0.788061898053047
16	0.7918588686985677
17	0.7954152157293406
18	0.7934945197427659
19	0.8011459219420641
20	0.796027627834146
21	0.8003575950273172
22	0.7988281489372372
23	0.7980968340545042
24	0.7974788912897903
25	0.8053394103583412
26	0.8021604618032925
27	0.8035836047826654
28	0.8087730513321479
29	0.804558984726428
30	0.7946665294296986
31	0.8077369027094811
32	0.8099692938205469
33	0.811721097162173
34	0.8150727133979823
35	0.7948292964622199
36	0.7925278644845603
37	0.8026852017486482
38	0.8002006299566615
39	0.7973205653519603
40	0.8068700047904662
41	0.7948161754087609
42	0.7870668711869214
43	0.7836359054210317
44	0.8050992202310494
45	0.7987423330162725
46	0.7998223482252896
47	0.7791667216141811
48	0.7789215691704241
49	0.7472470260459309
50	0.7631324488475554
51	0.8303575130553325
52	0.7679510765866913
53	0.7991067584280747
54	0.7295461978292874
55	0.7419795538929433
56	0.7002429528570674
57	0.737604351354181
58	0.7499089894055073
59	0.7147939012751084
60	0.4331706919386314
61	0.6660853300914483
62	0.828319062743691
63	0.8136893227480424
64	0.6466476007553481
65	0.7511819730856246
66	0.7877646559258507
67	0.6766263591873858
69	0.7232093479090627
90	0.5615804167233075
116	0.5373785059073872
118	0.47348882126868236

[EPOCH LOSSES]
0
1
2
3
4
5
6
7
8
9
10
11
12
13
14
15
16
17
18
19

[SETTINGS]
ROOT_PATH	C:\Program Files\Python311\Lib\site-packages\thehow\dependency_probe
MODEL_NAME	bert_large_uncased
MODEL_PATH	D:\transformers\bert\bert_large_uncased
MODEL_NLAYER	24
NDIM_TOKEN_EMBEDDING	1024
MODEL_CUDA	False
ONSITE_EMBEDDINGS	False
HIDDEN_LAYER	18
ONSITE_PROBES	True
LEARNING_RATE	0.001
PROBE_RANK	128
PROBE_CUDA	False
BATCH_SIZE	100
PROBE_SAVEPATH	C:\Program Files\Python311\Lib\site-packages\thehow\dependency_probe\probes
EPOCHS	20
PROBE_LOSS_POW	2
CONLL_ALIAS	wsj
CONLL_PATH	C:\Program Files\Python311\Lib\site-packages\thehow\dependency_probe\datasets\conll\wsj
TRAIN_CONLL_PATH	C:\Program Files\Python311\Lib\site-packages\thehow\dependency_probe\datasets\conll\wsj\en_wsj-ud-train.conllu
DEV_CONLL_PATH	C:\Program Files\Python311\Lib\site-packages\thehow\dependency_probe\datasets\conll\wsj\en_wsj-ud-dev.conllu
TEST_CONLL_PATH	C:\Program Files\Python311\Lib\site-packages\thehow\dependency_probe\datasets\conll\wsj\en_wsj-ud-test.conllu
DEPD_DIRECTED	False
DATASET_PKL_PATH	C:\Program Files\Python311\Lib\site-packages\thehow\dependency_probe\datasets\pkl
REPORTS_PATH	C:\Program Files\Python311\Lib\site-packages\thehow\dependency_probe\reports
METHOD	pairwisedepd
