[Mean spearmanr for sents of len 5-50]
0.705821542938611

[UUAS]
0.44657965501410113

[SPEARMANR]
sent_len	mean_spearmanr
2	0.9999999999999998
3	0.8217370533432615
4	0.7428177489057863
5	0.6483857221694687
6	0.6857834583708317
7	0.6652689741620511
8	0.6644394323163538
9	0.6777892410057876
10	0.6898197010380677
11	0.6888796203141138
12	0.7157264046422798
13	0.7215580167395667
14	0.6983272990697041
15	0.7127097004449345
16	0.7231858784914342
17	0.7184832423908293
18	0.7180916429453638
19	0.7189026472799454
20	0.7241573169700894
21	0.7217537050408102
22	0.7239003770981928
23	0.7198283009002985
24	0.7253664260937381
25	0.7085433311110932
26	0.7078196996414315
27	0.7195959360759417
28	0.7283237336054871
29	0.7216249300957581
30	0.7090534617356895
31	0.7219768160699842
32	0.7193701374401785
33	0.7076260075298094
34	0.7302380598307976
35	0.6931606956487834
36	0.7194524060204037
37	0.7169860736527626
38	0.7081554360110316
39	0.6978005986001686
40	0.7098174597506074
41	0.6841430479404944
42	0.6982116902474217
43	0.6832863089055387
44	0.7200398008562322
45	0.7185121204041872
46	0.7127129536388193
47	0.6901112773255451
48	0.7086427763482841
49	0.6667807910782841
50	0.703448318127517
51	0.7236325201370863
52	0.7208412878764328
53	0.6884884061208421
54	0.6332022709355997
55	0.6904839028836957
56	0.6333646267303444
57	0.6223181491731511
58	0.6655841953331899
59	0.6715808804008536
60	0.3177289264122898
61	0.5844651156330604
62	0.6955974122602698
63	0.6146567574400028
64	0.5790152278544902
65	0.6912739405954702
66	0.6893420649398456
67	0.5895163811631201
69	0.4959176012870125
90	0.3261117634533322
116	0.23285826623168782
118	0.2772315809205309

[EPOCH LOSSES]
0
1
2
3
4
5
6
7
8
9
10
11
12
13
14
15
16
17
18
19

[SETTINGS]
ROOT_PATH	C:\Program Files\Python311\Lib\site-packages\thehow\dependency_probe
MODEL_NAME	bert_large_uncased
MODEL_PATH	D:\transformers\bert\bert_large_uncased
MODEL_NLAYER	24
NDIM_TOKEN_EMBEDDING	1024
MODEL_CUDA	False
ONSITE_EMBEDDINGS	False
HIDDEN_LAYER	3
ONSITE_PROBES	True
LEARNING_RATE	0.001
PROBE_RANK	128
PROBE_CUDA	False
BATCH_SIZE	100
PROBE_SAVEPATH	C:\Program Files\Python311\Lib\site-packages\thehow\dependency_probe\probes
EPOCHS	20
PROBE_LOSS_POW	2
CONLL_ALIAS	wsj
CONLL_PATH	C:\Program Files\Python311\Lib\site-packages\thehow\dependency_probe\datasets\conll\wsj
TRAIN_CONLL_PATH	C:\Program Files\Python311\Lib\site-packages\thehow\dependency_probe\datasets\conll\wsj\en_wsj-ud-train.conllu
DEV_CONLL_PATH	C:\Program Files\Python311\Lib\site-packages\thehow\dependency_probe\datasets\conll\wsj\en_wsj-ud-dev.conllu
TEST_CONLL_PATH	C:\Program Files\Python311\Lib\site-packages\thehow\dependency_probe\datasets\conll\wsj\en_wsj-ud-test.conllu
DEPD_DIRECTED	False
DATASET_PKL_PATH	C:\Program Files\Python311\Lib\site-packages\thehow\dependency_probe\datasets\pkl
REPORTS_PATH	C:\Program Files\Python311\Lib\site-packages\thehow\dependency_probe\reports
METHOD	pairwisedepd
