[Mean spearmanr for sents of len 5-50]
0.6965073502958277

[UUAS]
0.45583830698935307

[SPEARMANR]
sent_len	mean_spearmanr
2	0.9999999999999998
3	0.8307460623522706
4	0.7237701298581672
5	0.6326532223378801
6	0.6848533121903594
7	0.6611921524838009
8	0.6529883494034687
9	0.6616855038641082
10	0.686661875672853
11	0.6784894739395443
12	0.7027249371266051
13	0.7075754553549913
14	0.6822661157175836
15	0.7032055238324556
16	0.7145413650159212
17	0.7057053948536157
18	0.709863572446282
19	0.7065818279913814
20	0.7112562691361659
21	0.7088225837988529
22	0.7124498804153803
23	0.7123509004627665
24	0.7127346711625843
25	0.6960375567710815
26	0.6967776686271462
27	0.7046543951309147
28	0.7154459296372845
29	0.7051145856774873
30	0.6956967906576315
31	0.7124466582225197
32	0.7086607400268359
33	0.6978077244797335
34	0.7195359662859298
35	0.6858493991972995
36	0.7143964508900649
37	0.7073663609335694
38	0.7008219400229608
39	0.6902957866597055
40	0.706640591056511
41	0.6788167839395648
42	0.693557868812631
43	0.6802397703454656
44	0.7143236637255489
45	0.710511662554149
46	0.704566177450112
47	0.6895181215727338
48	0.7022966059399879
49	0.662402298121402
50	0.6969542296631982
51	0.7212571814608131
52	0.7195804355343317
53	0.6765751395309644
54	0.647824899447048
55	0.6967927291356903
56	0.6322961439509198
57	0.6403882912653396
58	0.6850745324652135
59	0.6750444071074837
60	0.3193436050414586
61	0.5808083168548682
62	0.6656709424742123
63	0.6122726109572239
64	0.5877292984932734
65	0.6847806213474279
66	0.7047221049078988
67	0.613225251839312
69	0.5158521731201008
90	0.31998718763028083
116	0.2934373541522791
118	0.30283412328633696

[EPOCH LOSSES]
0
1
2
3
4
5
6
7
8
9
10
11
12
13
14
15
16
17
18
19

[SETTINGS]
ROOT_PATH	C:\Program Files\Python311\Lib\site-packages\thehow\dependency_probe
MODEL_NAME	bert_large_uncased
MODEL_PATH	D:\transformers\bert\bert_large_uncased
MODEL_NLAYER	24
NDIM_TOKEN_EMBEDDING	1024
MODEL_CUDA	False
ONSITE_EMBEDDINGS	False
HIDDEN_LAYER	1
ONSITE_PROBES	True
LEARNING_RATE	0.001
PROBE_RANK	128
PROBE_CUDA	False
BATCH_SIZE	100
PROBE_SAVEPATH	C:\Program Files\Python311\Lib\site-packages\thehow\dependency_probe\probes
EPOCHS	20
PROBE_LOSS_POW	2
CONLL_ALIAS	wsj
CONLL_PATH	C:\Program Files\Python311\Lib\site-packages\thehow\dependency_probe\datasets\conll\wsj
TRAIN_CONLL_PATH	C:\Program Files\Python311\Lib\site-packages\thehow\dependency_probe\datasets\conll\wsj\en_wsj-ud-train.conllu
DEV_CONLL_PATH	C:\Program Files\Python311\Lib\site-packages\thehow\dependency_probe\datasets\conll\wsj\en_wsj-ud-dev.conllu
TEST_CONLL_PATH	C:\Program Files\Python311\Lib\site-packages\thehow\dependency_probe\datasets\conll\wsj\en_wsj-ud-test.conllu
DEPD_DIRECTED	False
DATASET_PKL_PATH	C:\Program Files\Python311\Lib\site-packages\thehow\dependency_probe\datasets\pkl
REPORTS_PATH	C:\Program Files\Python311\Lib\site-packages\thehow\dependency_probe\reports
METHOD	pairwisedepd
