[Mean spearmanr for sents of len 5-50]
0.8113191539285078

[UUAS]
0.5598587700312629

[SPEARMANR]
sent_len	mean_spearmanr
2	0.9999999999999998
3	0.8532685848747931
4	0.7704728077995455
5	0.7196772301417831
6	0.7819145663624882
7	0.7970474246909394
8	0.7799562750499108
9	0.8025165332697293
10	0.8079560624349851
11	0.8179637357264576
12	0.8309412638369875
13	0.846872205855473
14	0.8075189510964328
15	0.8260078404953946
16	0.8290947445935881
17	0.83275450908513
18	0.8286311677071904
19	0.8274805747894669
20	0.8217569698618625
21	0.826175694000343
22	0.8257025677397122
23	0.8260863240031001
24	0.8285106856257192
25	0.8286510698791931
26	0.8190616306085843
27	0.8246268579151699
28	0.831393361821926
29	0.8250905218047362
30	0.8143934561211484
31	0.8230915118739268
32	0.8242481116596008
33	0.8142264376888028
34	0.8348527810920291
35	0.8090894649350374
36	0.8135429708419729
37	0.8140144331247314
38	0.8179703684139559
39	0.8096529217757381
40	0.8168894460863928
41	0.8015840368512713
42	0.7970842012856336
43	0.7843987662509673
44	0.8031070285114263
45	0.8113993011590134
46	0.8049470386351796
47	0.7962801499973337
48	0.7997522758811839
49	0.7464594274052314
50	0.790308182724479
51	0.8282867908762819
52	0.8131314908230517
53	0.7714900617683011
54	0.7254416278669201
55	0.7434931437588829
56	0.7087601102785717
57	0.7319779169515597
58	0.7607078454717494
59	0.7223237194900942
60	0.37222065474322696
61	0.6527027101432035
62	0.7671439684197464
63	0.7841865557409857
64	0.652383053728363
65	0.7971492186459418
66	0.8062734581028851
67	0.6841138164290588
69	0.6685295661769395
90	0.48869581833868847
116	0.5162346792790156
118	0.45053103821992185

[EPOCH LOSSES]
0
1
2
3
4
5
6
7
8
9
10
11
12
13
14
15
16
17
18
19

[SETTINGS]
ROOT_PATH	C:\Program Files\Python311\Lib\site-packages\thehow\dependency_probe
MODEL_NAME	bert_large_uncased
MODEL_PATH	D:\transformers\bert\bert_large_uncased
MODEL_NLAYER	24
NDIM_TOKEN_EMBEDDING	1024
MODEL_CUDA	False
ONSITE_EMBEDDINGS	False
HIDDEN_LAYER	13
ONSITE_PROBES	True
LEARNING_RATE	0.001
PROBE_RANK	128
PROBE_CUDA	False
BATCH_SIZE	100
PROBE_SAVEPATH	C:\Program Files\Python311\Lib\site-packages\thehow\dependency_probe\probes
EPOCHS	20
PROBE_LOSS_POW	2
CONLL_ALIAS	wsj
CONLL_PATH	C:\Program Files\Python311\Lib\site-packages\thehow\dependency_probe\datasets\conll\wsj
TRAIN_CONLL_PATH	C:\Program Files\Python311\Lib\site-packages\thehow\dependency_probe\datasets\conll\wsj\en_wsj-ud-train.conllu
DEV_CONLL_PATH	C:\Program Files\Python311\Lib\site-packages\thehow\dependency_probe\datasets\conll\wsj\en_wsj-ud-dev.conllu
TEST_CONLL_PATH	C:\Program Files\Python311\Lib\site-packages\thehow\dependency_probe\datasets\conll\wsj\en_wsj-ud-test.conllu
DEPD_DIRECTED	False
DATASET_PKL_PATH	C:\Program Files\Python311\Lib\site-packages\thehow\dependency_probe\datasets\pkl
REPORTS_PATH	C:\Program Files\Python311\Lib\site-packages\thehow\dependency_probe\reports
METHOD	pairwisedepd
