[Mean spearmanr for sents of len 5-50]
0.7752607124429413

[UUAS]
0.5112153210467633

[SPEARMANR]
sent_len	mean_spearmanr
2	0.9999999999999998
3	0.88029561190182
4	0.7277279338109491
5	0.6573990654390187
6	0.7431838277944327
7	0.7402433492357587
8	0.7568633655849802
9	0.7816204494635827
10	0.7636947171022466
11	0.7834032667744738
12	0.7985075460431371
13	0.8092264555445645
14	0.7718255557248538
15	0.7921085548253193
16	0.8000761463830798
17	0.79841325682322
18	0.7954573568760647
19	0.7937709486714626
20	0.7896150756832582
21	0.796279055291275
22	0.7955296363713805
23	0.7901324262572249
24	0.7944822851997352
25	0.7906268224332508
26	0.7831584753666669
27	0.791398926118345
28	0.801326031822494
29	0.788554362132156
30	0.7799512727572626
31	0.7887693843698
32	0.7937877700680589
33	0.7758173481517808
34	0.7998697966742093
35	0.7672638850932474
36	0.7805693336024133
37	0.7797807332758736
38	0.7792141504596101
39	0.7712265245069919
40	0.7784712884457068
41	0.7588732371236128
42	0.7595081712452357
43	0.7460733566230151
44	0.7682383482818159
45	0.7689216000056489
46	0.7712104623065404
47	0.7515964753071147
48	0.7671810021755472
49	0.7172764957040584
50	0.7514951772357734
51	0.7836480008429344
52	0.7794502972486582
53	0.7406457506797227
54	0.6953300418315946
55	0.7237079823443427
56	0.6780671729327278
57	0.6744661949067279
58	0.7173820826868089
59	0.6915102975870837
60	0.32105322253829477
61	0.6178512593845972
62	0.7303044244498443
63	0.725409992465819
64	0.6116252677531734
65	0.767923066831649
66	0.7432384029769463
67	0.6432269174818934
69	0.5882042483412369
90	0.4487664991636754
116	0.47346779732378175
118	0.43401645892376023

[EPOCH LOSSES]
0
1
2
3
4
5
6
7
8
9
10
11
12
13
14
15
16
17
18
19

[SETTINGS]
ROOT_PATH	C:\Program Files\Python311\Lib\site-packages\thehow\dependency_probe
MODEL_NAME	bert_large_uncased
MODEL_PATH	D:\transformers\bert\bert_large_uncased
MODEL_NLAYER	24
NDIM_TOKEN_EMBEDDING	1024
MODEL_CUDA	False
ONSITE_EMBEDDINGS	False
HIDDEN_LAYER	11
ONSITE_PROBES	True
LEARNING_RATE	0.001
PROBE_RANK	128
PROBE_CUDA	False
BATCH_SIZE	100
PROBE_SAVEPATH	C:\Program Files\Python311\Lib\site-packages\thehow\dependency_probe\probes
EPOCHS	20
PROBE_LOSS_POW	2
CONLL_ALIAS	wsj
CONLL_PATH	C:\Program Files\Python311\Lib\site-packages\thehow\dependency_probe\datasets\conll\wsj
TRAIN_CONLL_PATH	C:\Program Files\Python311\Lib\site-packages\thehow\dependency_probe\datasets\conll\wsj\en_wsj-ud-train.conllu
DEV_CONLL_PATH	C:\Program Files\Python311\Lib\site-packages\thehow\dependency_probe\datasets\conll\wsj\en_wsj-ud-dev.conllu
TEST_CONLL_PATH	C:\Program Files\Python311\Lib\site-packages\thehow\dependency_probe\datasets\conll\wsj\en_wsj-ud-test.conllu
DEPD_DIRECTED	False
DATASET_PKL_PATH	C:\Program Files\Python311\Lib\site-packages\thehow\dependency_probe\datasets\pkl
REPORTS_PATH	C:\Program Files\Python311\Lib\site-packages\thehow\dependency_probe\reports
METHOD	pairwisedepd
