[Mean spearmanr for sents of len 5-50]
0.7770407081564465

[UUAS]
0.5384993769266085

[SPEARMANR]
sent_len	mean_spearmanr
2	0.9999999999999998
3	0.8622775938838021
4	0.7554143427511247
5	0.6731493608784963
6	0.7190441633159496
7	0.7359244665792848
8	0.7221912687191538
9	0.7625723899193139
10	0.7503356626629054
11	0.7666455564418121
12	0.7685561172742057
13	0.7805463840222776
14	0.7574004661748361
15	0.7790038632178211
16	0.7815795155832178
17	0.7805961781752402
18	0.7855435438892311
19	0.7870991363203325
20	0.7824892647530572
21	0.7887426921047567
22	0.78711944833204
23	0.7870610966448198
24	0.7888407061064685
25	0.792323336186509
26	0.7914002417327602
27	0.7938254430522282
28	0.8003525770798845
29	0.7936508219657562
30	0.7852273641256283
31	0.8009163931525148
32	0.801225621957129
33	0.8035377431328569
34	0.8096510683223671
35	0.7808070985606198
36	0.7852341300911981
37	0.7937646857521093
38	0.7879161471671708
39	0.7889187485769211
40	0.7994696501209908
41	0.78767119034935
42	0.7777905419995024
43	0.7789480834037322
44	0.7941636122874463
45	0.791866177151223
46	0.7895876539474956
47	0.7701123432358531
48	0.7681923937967142
49	0.7401202567076709
50	0.7527579702256889
51	0.8145707815353839
52	0.764681475497035
53	0.7955952265316134
54	0.7218608967077668
55	0.7328156494120831
56	0.6843126095220597
57	0.7258006125252708
58	0.7329478115865753
59	0.6909130986864672
60	0.4246083096857773
61	0.661139933911853
62	0.8206643088212062
63	0.8080272748950792
64	0.6420649174563946
65	0.7422356367104713
66	0.7461741370609642
67	0.6536380546665356
69	0.7162038866540685
90	0.5479959880503569
116	0.5114328737512053
118	0.46152913478264485

[EPOCH LOSSES]
0
1
2
3
4
5
6
7
8
9
10
11
12
13
14
15
16
17
18
19

[SETTINGS]
ROOT_PATH	C:\Program Files\Python311\Lib\site-packages\thehow\dependency_probe
MODEL_NAME	bert_large_uncased
MODEL_PATH	D:\transformers\bert\bert_large_uncased
MODEL_NLAYER	24
NDIM_TOKEN_EMBEDDING	1024
MODEL_CUDA	False
ONSITE_EMBEDDINGS	False
HIDDEN_LAYER	19
ONSITE_PROBES	True
LEARNING_RATE	0.001
PROBE_RANK	128
PROBE_CUDA	False
BATCH_SIZE	100
PROBE_SAVEPATH	C:\Program Files\Python311\Lib\site-packages\thehow\dependency_probe\probes
EPOCHS	20
PROBE_LOSS_POW	2
CONLL_ALIAS	wsj
CONLL_PATH	C:\Program Files\Python311\Lib\site-packages\thehow\dependency_probe\datasets\conll\wsj
TRAIN_CONLL_PATH	C:\Program Files\Python311\Lib\site-packages\thehow\dependency_probe\datasets\conll\wsj\en_wsj-ud-train.conllu
DEV_CONLL_PATH	C:\Program Files\Python311\Lib\site-packages\thehow\dependency_probe\datasets\conll\wsj\en_wsj-ud-dev.conllu
TEST_CONLL_PATH	C:\Program Files\Python311\Lib\site-packages\thehow\dependency_probe\datasets\conll\wsj\en_wsj-ud-test.conllu
DEPD_DIRECTED	False
DATASET_PKL_PATH	C:\Program Files\Python311\Lib\site-packages\thehow\dependency_probe\datasets\pkl
REPORTS_PATH	C:\Program Files\Python311\Lib\site-packages\thehow\dependency_probe\reports
METHOD	pairwisedepd
