[Mean spearmanr for sents of len 5-50]
0.724914212138929

[UUAS]
0.4635447410419536

[SPEARMANR]
sent_len	mean_spearmanr
2	0.9999999999999998
3	0.826241557847766
4	0.7008456256798966
5	0.5867674085159867
6	0.6324016301113567
7	0.6540763321533516
8	0.6743447830916138
9	0.6871099483930152
10	0.7025007593560245
11	0.7203203432425792
12	0.7403535747447412
13	0.7509668803356977
14	0.7256979749296854
15	0.7376930326236715
16	0.7494830517769926
17	0.7417334492743928
18	0.7470604806438655
19	0.7443938893498248
20	0.7460970868601904
21	0.7502984199128107
22	0.7484171880667124
23	0.7429458101855468
24	0.7438277584498281
25	0.7399112485996173
26	0.7322541184589125
27	0.7472486431940298
28	0.7501770195181687
29	0.7409910853932585
30	0.732635313721593
31	0.7469046059125276
32	0.7503417901917363
33	0.7331136226384748
34	0.7536912268765152
35	0.7229176162746372
36	0.7392950152449704
37	0.7359656049519213
38	0.7326164009625055
39	0.7272052629442007
40	0.7359751791442043
41	0.7161641847464766
42	0.7229488653492177
43	0.7110711409451538
44	0.7344373303837097
45	0.7330143272116226
46	0.7324824143440396
47	0.7163761180784352
48	0.7270149148804874
49	0.6852442425804869
50	0.719566663825942
51	0.7504640765270758
52	0.738866283255967
53	0.7042605246086441
54	0.6693308941377109
55	0.7000280259601734
56	0.6556842207462054
57	0.6467695590676823
58	0.6913596580484118
59	0.6944505142943191
60	0.31651514496179617
61	0.6136106509090541
62	0.7187922916571267
63	0.684240209741661
64	0.589395086999469
65	0.7666217388695621
66	0.7182075857002028
67	0.5908426448262252
69	0.5626605594926585
90	0.41735259869480806
116	0.41295058126405243
118	0.4294802238191958

[EPOCH LOSSES]
0
1
2
3
4
5
6
7
8
9
10
11
12
13
14
15
16
17
18
19

[SETTINGS]
ROOT_PATH	C:\Program Files\Python311\Lib\site-packages\thehow\dependency_probe
MODEL_NAME	bert_large_uncased
MODEL_PATH	D:\transformers\bert\bert_large_uncased
MODEL_NLAYER	24
NDIM_TOKEN_EMBEDDING	1024
MODEL_CUDA	False
ONSITE_EMBEDDINGS	False
HIDDEN_LAYER	8
ONSITE_PROBES	True
LEARNING_RATE	0.001
PROBE_RANK	128
PROBE_CUDA	False
BATCH_SIZE	100
PROBE_SAVEPATH	C:\Program Files\Python311\Lib\site-packages\thehow\dependency_probe\probes
EPOCHS	20
PROBE_LOSS_POW	2
CONLL_ALIAS	wsj
CONLL_PATH	C:\Program Files\Python311\Lib\site-packages\thehow\dependency_probe\datasets\conll\wsj
TRAIN_CONLL_PATH	C:\Program Files\Python311\Lib\site-packages\thehow\dependency_probe\datasets\conll\wsj\en_wsj-ud-train.conllu
DEV_CONLL_PATH	C:\Program Files\Python311\Lib\site-packages\thehow\dependency_probe\datasets\conll\wsj\en_wsj-ud-dev.conllu
TEST_CONLL_PATH	C:\Program Files\Python311\Lib\site-packages\thehow\dependency_probe\datasets\conll\wsj\en_wsj-ud-test.conllu
DEPD_DIRECTED	False
DATASET_PKL_PATH	C:\Program Files\Python311\Lib\site-packages\thehow\dependency_probe\datasets\pkl
REPORTS_PATH	C:\Program Files\Python311\Lib\site-packages\thehow\dependency_probe\reports
METHOD	pairwisedepd
