[Mean spearmanr for sents of len 5-50]
0.7251019987699432

[UUAS]
0.46421153888196587

[SPEARMANR]
sent_len	mean_spearmanr
2	0.9999999999999998
3	0.8397550713612796
4	0.7206973455366386
5	0.6666054696104621
6	0.7045535459092043
7	0.6874018841300517
8	0.6914153654723393
9	0.6989702164005743
10	0.7077604469918759
11	0.7261112036463141
12	0.740287671597272
13	0.740505142804187
14	0.7166215112491827
15	0.7337513319448844
16	0.7478086238492455
17	0.7395427012558301
18	0.735306252232142
19	0.736696672089175
20	0.739920410873488
21	0.7402804235700091
22	0.7435124500126128
23	0.7399949766309539
24	0.7449023232801288
25	0.7276166883124385
26	0.7260243462664183
27	0.7388089495328782
28	0.7443579664060466
29	0.7372255395430545
30	0.7278229869333629
31	0.7425080793143005
32	0.7360575386299993
33	0.7242997295273443
34	0.7520214093879247
35	0.7164273933193261
36	0.7386986991724214
37	0.7335302251108803
38	0.7250985653151439
39	0.7163153477886686
40	0.7288164898821372
41	0.7068387719767079
42	0.7161628154951807
43	0.7015555452076668
44	0.7364544008266344
45	0.7312065214060048
46	0.7298377573907445
47	0.7069493468709284
48	0.7303611061932915
49	0.6819699076244493
50	0.7157771924335001
51	0.7376967598352987
52	0.7383353608695512
53	0.7039478683360924
54	0.6511296546602311
55	0.7006681483061048
56	0.6466442054196853
57	0.634827758503856
58	0.6755749477040901
59	0.6849659439868334
60	0.3289086673784979
61	0.6053376442773694
62	0.6940683901505512
63	0.6582324049592719
64	0.5837086148123987
65	0.7292789688858555
66	0.7066597211954381
67	0.5873508216457328
69	0.523209057994218
90	0.36437460452520753
116	0.29446971458444204
118	0.36870320960588765

[EPOCH LOSSES]
0
1
2
3
4
5
6
7
8
9
10
11
12
13
14
15
16
17
18
19

[SETTINGS]
ROOT_PATH	C:\Program Files\Python311\Lib\site-packages\thehow\dependency_probe
MODEL_NAME	bert_large_uncased
MODEL_PATH	D:\transformers\bert\bert_large_uncased
MODEL_NLAYER	24
NDIM_TOKEN_EMBEDDING	1024
MODEL_CUDA	False
ONSITE_EMBEDDINGS	False
HIDDEN_LAYER	4
ONSITE_PROBES	True
LEARNING_RATE	0.001
PROBE_RANK	128
PROBE_CUDA	False
BATCH_SIZE	100
PROBE_SAVEPATH	C:\Program Files\Python311\Lib\site-packages\thehow\dependency_probe\probes
EPOCHS	20
PROBE_LOSS_POW	2
CONLL_ALIAS	wsj
CONLL_PATH	C:\Program Files\Python311\Lib\site-packages\thehow\dependency_probe\datasets\conll\wsj
TRAIN_CONLL_PATH	C:\Program Files\Python311\Lib\site-packages\thehow\dependency_probe\datasets\conll\wsj\en_wsj-ud-train.conllu
DEV_CONLL_PATH	C:\Program Files\Python311\Lib\site-packages\thehow\dependency_probe\datasets\conll\wsj\en_wsj-ud-dev.conllu
TEST_CONLL_PATH	C:\Program Files\Python311\Lib\site-packages\thehow\dependency_probe\datasets\conll\wsj\en_wsj-ud-test.conllu
DEPD_DIRECTED	False
DATASET_PKL_PATH	C:\Program Files\Python311\Lib\site-packages\thehow\dependency_probe\datasets\pkl
REPORTS_PATH	C:\Program Files\Python311\Lib\site-packages\thehow\dependency_probe\reports
METHOD	pairwisedepd
