[Mean spearmanr for sents of len 5-50]
0.7371674256292318

[UUAS]
0.46345729214490283

[SPEARMANR]
sent_len	mean_spearmanr
2	0.9999999999999998
3	0.8397550713612796
4	0.7115599113941822
5	0.5828542279797183
6	0.6610831176921972
7	0.671038132942455
8	0.6765131965355896
9	0.7123971242039908
10	0.7156292207550192
11	0.7318778913117306
12	0.7528977212757599
13	0.7648093439730841
14	0.7338560472124702
15	0.7532751460856849
16	0.7590043427207607
17	0.7564176581418378
18	0.7545169397712751
19	0.7577848095312679
20	0.7564856993750413
21	0.7624763354814466
22	0.7634747293708156
23	0.7553628769280195
24	0.7583447906567337
25	0.7523939002337181
26	0.7457775792059784
27	0.762133540070064
28	0.7628573666609194
29	0.7559618569945444
30	0.7450418737411332
31	0.7594812599862204
32	0.762179218667278
33	0.7468011214186684
34	0.7725658518847265
35	0.7358287220781893
36	0.7517475339433107
37	0.749592960970391
38	0.7472830911919593
39	0.7413697488681653
40	0.7468181359702041
41	0.7234666139028012
42	0.7335643182452777
43	0.7245312774288719
44	0.7410657369098679
45	0.7443673671219152
46	0.7431639071538657
47	0.7253374732918937
48	0.7398069288110742
49	0.6906042008564329
50	0.725860641392295
51	0.7505280524468602
52	0.7472643383290993
53	0.7108916766463141
54	0.6789660415170322
55	0.7020369240444594
56	0.6525462456936477
57	0.6503760914093561
58	0.698485167507359
59	0.691316184049673
60	0.3028102836165138
61	0.6070458735796058
62	0.698711759591531
63	0.6979105412150376
64	0.5969189072247765
65	0.7585496465909424
66	0.7328018526262751
67	0.6161556799647988
69	0.5664686889655622
90	0.43755686183137055
116	0.4396954589424713
118	0.43984646509709413

[EPOCH LOSSES]
0
1
2
3
4
5
6
7
8
9
10
11
12
13
14
15
16
17
18
19

[SETTINGS]
ROOT_PATH	C:\Program Files\Python311\Lib\site-packages\thehow\dependency_probe
MODEL_NAME	bert_large_uncased
MODEL_PATH	D:\transformers\bert\bert_large_uncased
MODEL_NLAYER	24
NDIM_TOKEN_EMBEDDING	1024
MODEL_CUDA	False
ONSITE_EMBEDDINGS	False
HIDDEN_LAYER	9
ONSITE_PROBES	True
LEARNING_RATE	0.001
PROBE_RANK	128
PROBE_CUDA	False
BATCH_SIZE	100
PROBE_SAVEPATH	C:\Program Files\Python311\Lib\site-packages\thehow\dependency_probe\probes
EPOCHS	20
PROBE_LOSS_POW	2
CONLL_ALIAS	wsj
CONLL_PATH	C:\Program Files\Python311\Lib\site-packages\thehow\dependency_probe\datasets\conll\wsj
TRAIN_CONLL_PATH	C:\Program Files\Python311\Lib\site-packages\thehow\dependency_probe\datasets\conll\wsj\en_wsj-ud-train.conllu
DEV_CONLL_PATH	C:\Program Files\Python311\Lib\site-packages\thehow\dependency_probe\datasets\conll\wsj\en_wsj-ud-dev.conllu
TEST_CONLL_PATH	C:\Program Files\Python311\Lib\site-packages\thehow\dependency_probe\datasets\conll\wsj\en_wsj-ud-test.conllu
DEPD_DIRECTED	False
DATASET_PKL_PATH	C:\Program Files\Python311\Lib\site-packages\thehow\dependency_probe\datasets\pkl
REPORTS_PATH	C:\Program Files\Python311\Lib\site-packages\thehow\dependency_probe\reports
METHOD	pairwisedepd
