[Mean spearmanr for sents of len 5-50]
0.8163251644335242

[UUAS]
0.5606020856561946

[SPEARMANR]
sent_len	mean_spearmanr
2	0.9999999999999998
3	0.8893046209108291
4	0.7660163595968639
5	0.6715728484674788
6	0.7418926810613412
7	0.7825511247056005
8	0.7651730731891905
9	0.8047794591640752
10	0.7947285194901145
11	0.806390916529759
12	0.8256394082201283
13	0.8342521751432392
14	0.8066438685074844
15	0.8173317450233243
16	0.8299184368025216
17	0.8382937468974827
18	0.8344524282991805
19	0.8361687394919689
20	0.8267612229425908
21	0.8288894687838865
22	0.8348360104269058
23	0.830115612761477
24	0.8340192663279437
25	0.8398505124431211
26	0.8342619623639328
27	0.836386465757067
28	0.840722260418515
29	0.8350763619687493
30	0.8248862792340069
31	0.8381081128008931
32	0.8336115557563077
33	0.831593071434315
34	0.8423912007027053
35	0.8246372893299306
36	0.8285480048413959
37	0.8284595860109182
38	0.8274697676446419
39	0.8249458963925697
40	0.8300525947593613
41	0.8135278864774975
42	0.8139595313793953
43	0.8012208321705027
44	0.8191959565654348
45	0.8313646689404706
46	0.8271017659851316
47	0.8083889278117807
48	0.8066873209213354
49	0.76918548943147
50	0.7949135101649643
51	0.8543813803956749
52	0.8204347984182084
53	0.8218009198728012
54	0.7612237815309961
55	0.7558465712260121
56	0.7280514945115973
57	0.760247784959702
58	0.7602741798258615
59	0.7521980271329591
60	0.4216470032940223
61	0.6780611521466283
62	0.8416294279742355
63	0.8154852852693526
64	0.6578864267739924
65	0.7737163071123493
66	0.8395497140026262
67	0.7307670646918896
69	0.7136948168977941
90	0.5262011465476585
116	0.560484188592248
118	0.4824591099156184

[EPOCH LOSSES]
0
1
2
3
4
5
6
7
8
9
10
11
12
13
14
15
16
17
18
19

[SETTINGS]
ROOT_PATH	C:\Program Files\Python311\Lib\site-packages\thehow\dependency_probe
MODEL_NAME	bert_large_uncased
MODEL_PATH	D:\transformers\bert\bert_large_uncased
MODEL_NLAYER	24
NDIM_TOKEN_EMBEDDING	1024
MODEL_CUDA	False
ONSITE_EMBEDDINGS	False
HIDDEN_LAYER	16
ONSITE_PROBES	True
LEARNING_RATE	0.001
PROBE_RANK	128
PROBE_CUDA	False
BATCH_SIZE	100
PROBE_SAVEPATH	C:\Program Files\Python311\Lib\site-packages\thehow\dependency_probe\probes
EPOCHS	20
PROBE_LOSS_POW	2
CONLL_ALIAS	wsj
CONLL_PATH	C:\Program Files\Python311\Lib\site-packages\thehow\dependency_probe\datasets\conll\wsj
TRAIN_CONLL_PATH	C:\Program Files\Python311\Lib\site-packages\thehow\dependency_probe\datasets\conll\wsj\en_wsj-ud-train.conllu
DEV_CONLL_PATH	C:\Program Files\Python311\Lib\site-packages\thehow\dependency_probe\datasets\conll\wsj\en_wsj-ud-dev.conllu
TEST_CONLL_PATH	C:\Program Files\Python311\Lib\site-packages\thehow\dependency_probe\datasets\conll\wsj\en_wsj-ud-test.conllu
DEPD_DIRECTED	False
DATASET_PKL_PATH	C:\Program Files\Python311\Lib\site-packages\thehow\dependency_probe\datasets\pkl
REPORTS_PATH	C:\Program Files\Python311\Lib\site-packages\thehow\dependency_probe\reports
METHOD	pairwisedepd
