[Mean spearmanr for sents of len 5-50]
0.7274481351331231

[UUAS]
0.46221114536192914

[SPEARMANR]
sent_len	mean_spearmanr
2	0.9999999999999998
3	0.808223539829748
4	0.7369462867755355
5	0.6357033405136712
6	0.6855302432844961
7	0.6950283684580946
8	0.6899367864735998
9	0.708959113637859
10	0.7144904738630489
11	0.7251109101548752
12	0.7382540714462931
13	0.7476196373380424
14	0.7242625965029856
15	0.738042708102005
16	0.7428683627796615
17	0.739085776183766
18	0.7354328318191701
19	0.7401982948263315
20	0.7370259564173027
21	0.744829700469122
22	0.7452047244542441
23	0.7369282695317821
24	0.7388632220630852
25	0.7377106616259681
26	0.7292460253680305
27	0.7456732425236609
28	0.7490101860067245
29	0.7403744358253596
30	0.7307063446056377
31	0.7467409849105294
32	0.7480818681128463
33	0.7327844050204108
34	0.7577415214979975
35	0.7218242361116649
36	0.7391677641566031
37	0.7389586522683409
38	0.7373406244287304
39	0.7277362026394263
40	0.7355409467329523
41	0.7135820047922756
42	0.7223119679574869
43	0.714122133739887
44	0.7281760410037755
45	0.7327177058400031
46	0.7323705523645898
47	0.7169568137015259
48	0.7267740905774703
49	0.6824124903599154
50	0.7111769256324153
51	0.7397404989700312
52	0.7376309792121503
53	0.6984101777894652
54	0.673221814345288
55	0.6932994453760294
56	0.6426994325547799
57	0.6460546889892701
58	0.6909583028721763
59	0.6827715712957116
60	0.2884786557651287
61	0.5941426108255607
62	0.6913796454330394
63	0.6932289234540419
64	0.5796620938454264
65	0.7509101064887911
66	0.7279682307644467
67	0.5988187108867177
69	0.5380598709311373
90	0.4311904205121052
116	0.4072709443953631
118	0.3860060873838864

[EPOCH LOSSES]
0
1
2
3
4
5
6
7
8
9
10
11
12
13
14
15
16
17
18
19

[SETTINGS]
ROOT_PATH	C:\Program Files\Python311\Lib\site-packages\thehow\dependency_probe
MODEL_NAME	bert_large_uncased
MODEL_PATH	D:\transformers\bert\bert_large_uncased
MODEL_NLAYER	24
NDIM_TOKEN_EMBEDDING	1024
MODEL_CUDA	False
ONSITE_EMBEDDINGS	False
HIDDEN_LAYER	9
ONSITE_PROBES	True
LEARNING_RATE	0.001
PROBE_RANK	8
PROBE_CUDA	False
BATCH_SIZE	100
PROBE_SAVEPATH	C:\Program Files\Python311\Lib\site-packages\thehow\dependency_probe\probes
EPOCHS	20
PROBE_LOSS_POW	2
CONLL_ALIAS	wsj
CONLL_PATH	C:\Program Files\Python311\Lib\site-packages\thehow\dependency_probe\datasets\conll\wsj
TRAIN_CONLL_PATH	C:\Program Files\Python311\Lib\site-packages\thehow\dependency_probe\datasets\conll\wsj\en_wsj-ud-train.conllu
DEV_CONLL_PATH	C:\Program Files\Python311\Lib\site-packages\thehow\dependency_probe\datasets\conll\wsj\en_wsj-ud-dev.conllu
TEST_CONLL_PATH	C:\Program Files\Python311\Lib\site-packages\thehow\dependency_probe\datasets\conll\wsj\en_wsj-ud-test.conllu
DEPD_DIRECTED	False
DATASET_PKL_PATH	C:\Program Files\Python311\Lib\site-packages\thehow\dependency_probe\datasets\pkl
REPORTS_PATH	C:\Program Files\Python311\Lib\site-packages\thehow\dependency_probe\reports
METHOD	pairwisedepd
