[Mean spearmanr for sents of len 5-50]
0.710908704549965

[UUAS]
0.46866050151942457

[SPEARMANR]
sent_len	mean_spearmanr
2	0.9999999999999998
3	0.8577730893792975
4	0.7292238665606484
5	0.682968233395858
6	0.7090947307959439
7	0.6955530750992245
8	0.6961656138439827
9	0.6955557573186315
10	0.7032183373299701
11	0.7126458057900814
12	0.7266895906342545
13	0.7243243311365459
14	0.7021174594629082
15	0.714106028634239
16	0.7265725286929483
17	0.7174448953915734
18	0.7139908794522523
19	0.7172726067402434
20	0.7156997150456068
21	0.7206317077207653
22	0.7266284734660992
23	0.7167587203279621
24	0.717225350263029
25	0.7120536254945891
26	0.7091916831967797
27	0.7203738599313907
28	0.72453851466998
29	0.7169686915798678
30	0.7085429748481418
31	0.7245982452568214
32	0.7244304480671455
33	0.711424522417491
34	0.7346296744936679
35	0.7001274856291096
36	0.7211591854070863
37	0.7185706092663845
38	0.711971512440469
39	0.6978999975895903
40	0.7165759300582017
41	0.6938807463862162
42	0.7022260629878364
43	0.6924429909146558
44	0.718813716765677
45	0.7160255530213092
46	0.7181286722261664
47	0.7014107616802471
48	0.7037292538992515
49	0.6698183040041928
50	0.6976035465240026
51	0.7301344195523352
52	0.736037021213436
53	0.6847276067607563
54	0.6493522272893274
55	0.702437798953759
56	0.6391226351462518
57	0.6303495384438809
58	0.6600578729754255
59	0.6793070486394224
60	0.3010455858091742
61	0.5908889191419788
62	0.687212192485324
63	0.6703124254219168
64	0.5452956637125435
65	0.7206355093618342
66	0.7079959439211382
67	0.5773195962157136
69	0.47529476906989476
90	0.3664866170329589
116	0.3062032360380258
118	0.3699117742492301

[EPOCH LOSSES]
0
1
2
3
4
5
6
7
8
9
10
11
12
13
14
15
16
17
18
19

[SETTINGS]
ROOT_PATH	C:\Program Files\Python311\Lib\site-packages\thehow\dependency_probe
MODEL_NAME	bert_large_uncased
MODEL_PATH	D:\transformers\bert\bert_large_uncased
MODEL_NLAYER	24
NDIM_TOKEN_EMBEDDING	1024
MODEL_CUDA	False
ONSITE_EMBEDDINGS	False
HIDDEN_LAYER	5
ONSITE_PROBES	True
LEARNING_RATE	0.001
PROBE_RANK	8
PROBE_CUDA	False
BATCH_SIZE	100
PROBE_SAVEPATH	C:\Program Files\Python311\Lib\site-packages\thehow\dependency_probe\probes
EPOCHS	20
PROBE_LOSS_POW	2
CONLL_ALIAS	wsj
CONLL_PATH	C:\Program Files\Python311\Lib\site-packages\thehow\dependency_probe\datasets\conll\wsj
TRAIN_CONLL_PATH	C:\Program Files\Python311\Lib\site-packages\thehow\dependency_probe\datasets\conll\wsj\en_wsj-ud-train.conllu
DEV_CONLL_PATH	C:\Program Files\Python311\Lib\site-packages\thehow\dependency_probe\datasets\conll\wsj\en_wsj-ud-dev.conllu
TEST_CONLL_PATH	C:\Program Files\Python311\Lib\site-packages\thehow\dependency_probe\datasets\conll\wsj\en_wsj-ud-test.conllu
DEPD_DIRECTED	False
DATASET_PKL_PATH	C:\Program Files\Python311\Lib\site-packages\thehow\dependency_probe\datasets\pkl
REPORTS_PATH	C:\Program Files\Python311\Lib\site-packages\thehow\dependency_probe\reports
METHOD	pairwisedepd
