[Mean spearmanr for sents of len 5-50]
0.7099481623141035

[UUAS]
0.4741479198093614

[SPEARMANR]
sent_len	mean_spearmanr
2	0.9999999999999998
3	0.8397550713612796
4	0.7104817040722525
5	0.6210288951572832
6	0.7087656837023041
7	0.6745030467822883
8	0.6836858375460454
9	0.7034302584076016
10	0.7041992735420676
11	0.7200834434752045
12	0.734733196270334
13	0.7407665507936579
14	0.712320064417412
15	0.7241957249066132
16	0.7375952667448046
17	0.7295369662215956
18	0.7270996747128039
19	0.7244354829265226
20	0.728559155039286
21	0.7292932356432246
22	0.7320550826011469
23	0.7221992853960018
24	0.7261448901003825
25	0.7187807611852914
26	0.7157604499068483
27	0.7228876881999068
28	0.7292272166691932
29	0.7145931908003501
30	0.7079574731229509
31	0.7258008369338466
32	0.7258098813438855
33	0.7135684431869065
34	0.7297298059712629
35	0.6990105067924269
36	0.716367147025776
37	0.7169018041268941
38	0.7065242302500867
39	0.7001315726713402
40	0.7085936874754057
41	0.6884843861692325
42	0.6931953442507146
43	0.6810421160691068
44	0.7082926275336247
45	0.7082608088844534
46	0.7071071087888917
47	0.6901977993764585
48	0.6924246608905501
49	0.6601141776601641
50	0.692220726776612
51	0.7292022571381594
52	0.7202515778389397
53	0.6871354039110479
54	0.6356935979197472
55	0.6845880337220784
56	0.6239471335133413
57	0.6161460893749257
58	0.646432963806742
59	0.6616794344403528
60	0.3117741670343291
61	0.5905247230395848
62	0.6742899583286717
63	0.6424210328476714
64	0.553125446013918
65	0.7367004019876398
66	0.6882148859394412
67	0.5792038060117163
69	0.5050854930397622
90	0.36890167924821954
116	0.34117474881186155
118	0.4041876731865533

[EPOCH LOSSES]
0
1
2
3
4
5
6
7
8
9
10
11
12
13
14
15
16
17
18
19

[SETTINGS]
ROOT_PATH	C:\Program Files\Python311\Lib\site-packages\thehow\dependency_probe
MODEL_NAME	bert_large_uncased
MODEL_PATH	D:\transformers\bert\bert_large_uncased
MODEL_NLAYER	24
NDIM_TOKEN_EMBEDDING	1024
MODEL_CUDA	False
ONSITE_EMBEDDINGS	False
HIDDEN_LAYER	6
ONSITE_PROBES	True
LEARNING_RATE	0.001
PROBE_RANK	16
PROBE_CUDA	False
BATCH_SIZE	100
PROBE_SAVEPATH	C:\Program Files\Python311\Lib\site-packages\thehow\dependency_probe\probes
EPOCHS	20
PROBE_LOSS_POW	2
CONLL_ALIAS	wsj
CONLL_PATH	C:\Program Files\Python311\Lib\site-packages\thehow\dependency_probe\datasets\conll\wsj
TRAIN_CONLL_PATH	C:\Program Files\Python311\Lib\site-packages\thehow\dependency_probe\datasets\conll\wsj\en_wsj-ud-train.conllu
DEV_CONLL_PATH	C:\Program Files\Python311\Lib\site-packages\thehow\dependency_probe\datasets\conll\wsj\en_wsj-ud-dev.conllu
TEST_CONLL_PATH	C:\Program Files\Python311\Lib\site-packages\thehow\dependency_probe\datasets\conll\wsj\en_wsj-ud-test.conllu
DEPD_DIRECTED	False
DATASET_PKL_PATH	C:\Program Files\Python311\Lib\site-packages\thehow\dependency_probe\datasets\pkl
REPORTS_PATH	C:\Program Files\Python311\Lib\site-packages\thehow\dependency_probe\reports
METHOD	pairwisedepd
