[Mean spearmanr for sents of len 5-50]
0.6991985708775941

[UUAS]
0.4765309022539953

[SPEARMANR]
sent_len	mean_spearmanr
2	0.9999999999999998
3	0.8622775938838021
4	0.7324089197507236
5	0.6582412981440986
6	0.7087743669536724
7	0.69624174760441
8	0.6701683739850443
9	0.6927147867856316
10	0.7047363173584648
11	0.6895346490248201
12	0.7088592846397224
13	0.7148518451256868
14	0.6882473631585149
15	0.7051633730881187
16	0.7157136323830463
17	0.7083852562478236
18	0.7081819989223004
19	0.7035121544824513
20	0.7105498534652764
21	0.7068711956599193
22	0.7091755179311092
23	0.7085482462195803
24	0.709071665922227
25	0.6946161331035708
26	0.6931591135326767
27	0.7026758890202354
28	0.711657859444993
29	0.7032605559367566
30	0.6932936910395635
31	0.7099894246573043
32	0.7068058261040218
33	0.6958786334739469
34	0.7176671885654539
35	0.6832267444225327
36	0.7135760675256092
37	0.7060571872031641
38	0.698812524604427
39	0.6892071820685353
40	0.7041625745648796
41	0.6776592590638165
42	0.692668533517688
43	0.6788704575388951
44	0.7133523110915515
45	0.7097208269208609
46	0.7034420669052079
47	0.688230045174248
48	0.7007171485387036
49	0.6594410498801865
50	0.6974430393685808
51	0.7203094767350062
52	0.7158310045763394
53	0.6787055595360475
54	0.6444826872045376
55	0.6952064475202849
56	0.633867249025398
57	0.6416684598154954
58	0.6840795899240423
59	0.6706785518146988
60	0.3245156442843022
61	0.5837227956312651
62	0.6605917125509423
63	0.6130913390741984
64	0.5869631791418026
65	0.6844179794150252
66	0.7087010687926631
67	0.6030339084498103
69	0.5281724269390322
90	0.32648609882466073
116	0.30072692474655793
118	0.3101480646085547

[EPOCH LOSSES]
0
1
2
3
4
5
6
7
8
9
10
11
12
13
14
15
16
17
18
19

[SETTINGS]
ROOT_PATH	C:\Program Files\Python311\Lib\site-packages\thehow\dependency_probe
MODEL_NAME	bert_large_uncased
MODEL_PATH	D:\transformers\bert\bert_large_uncased
MODEL_NLAYER	24
NDIM_TOKEN_EMBEDDING	1024
MODEL_CUDA	False
ONSITE_EMBEDDINGS	False
HIDDEN_LAYER	1
ONSITE_PROBES	True
LEARNING_RATE	0.001
PROBE_RANK	16
PROBE_CUDA	False
BATCH_SIZE	100
PROBE_SAVEPATH	C:\Program Files\Python311\Lib\site-packages\thehow\dependency_probe\probes
EPOCHS	20
PROBE_LOSS_POW	2
CONLL_ALIAS	wsj
CONLL_PATH	C:\Program Files\Python311\Lib\site-packages\thehow\dependency_probe\datasets\conll\wsj
TRAIN_CONLL_PATH	C:\Program Files\Python311\Lib\site-packages\thehow\dependency_probe\datasets\conll\wsj\en_wsj-ud-train.conllu
DEV_CONLL_PATH	C:\Program Files\Python311\Lib\site-packages\thehow\dependency_probe\datasets\conll\wsj\en_wsj-ud-dev.conllu
TEST_CONLL_PATH	C:\Program Files\Python311\Lib\site-packages\thehow\dependency_probe\datasets\conll\wsj\en_wsj-ud-test.conllu
DEPD_DIRECTED	False
DATASET_PKL_PATH	C:\Program Files\Python311\Lib\site-packages\thehow\dependency_probe\datasets\pkl
REPORTS_PATH	C:\Program Files\Python311\Lib\site-packages\thehow\dependency_probe\reports
METHOD	pairwisedepd
