[Mean spearmanr for sents of len 5-50]
0.7280081127795152

[UUAS]
0.4821932183380337

[SPEARMANR]
sent_len	mean_spearmanr
2	0.9999999999999998
3	0.8127280443342525
4	0.6889408637751346
5	0.6195940597230697
6	0.7114171977199824
7	0.6910826310863796
8	0.7049742266502924
9	0.7193679586827632
10	0.7135154149371323
11	0.72633685291758
12	0.7511692755026368
13	0.7535327218992122
14	0.7306458289922295
15	0.7401418592064313
16	0.7469544420570158
17	0.7419440270541227
18	0.7462255461830021
19	0.7429580791742705
20	0.7442470509231364
21	0.7491311241222767
22	0.7446803350252617
23	0.7400014959303588
24	0.741124614818197
25	0.7373802792973588
26	0.7296687539321752
27	0.7451055016464414
28	0.7471785168752819
29	0.7365394826470866
30	0.7279924952609759
31	0.7445981567743601
32	0.7463150727189984
33	0.7293081695761839
34	0.7485054936080112
35	0.7174091493067732
36	0.7353547867748367
37	0.732496693576731
38	0.7301738472768585
39	0.7256279007513001
40	0.731389075291016
41	0.7136724936901773
42	0.7180203614017592
43	0.7087221482308622
44	0.7282534399255834
45	0.7302941319319319
46	0.7295415448925163
47	0.7143124789272826
48	0.7244089567431702
49	0.6793068998784477
50	0.7177526143162244
51	0.7479836029081932
52	0.7368521473797164
53	0.7017102213125166
54	0.670293602923583
55	0.6966258377938139
56	0.6554667126362484
57	0.6417278273314602
58	0.6889846229034644
59	0.6940374233377637
60	0.3265608948611062
61	0.6112210627300861
62	0.715147596084655
63	0.6796511031397162
64	0.5854334349269392
65	0.7653901046951392
66	0.7138524586270004
67	0.5999751014321787
69	0.5666043598170408
90	0.423410384446031
116	0.4174515413543754
118	0.4395603139678578

[EPOCH LOSSES]
0
1
2
3
4
5
6
7
8
9
10
11
12
13
14
15
16
17
18
19

[SETTINGS]
ROOT_PATH	C:\Program Files\Python311\Lib\site-packages\thehow\dependency_probe
MODEL_NAME	bert_large_uncased
MODEL_PATH	D:\transformers\bert\bert_large_uncased
MODEL_NLAYER	24
NDIM_TOKEN_EMBEDDING	1024
MODEL_CUDA	False
ONSITE_EMBEDDINGS	False
HIDDEN_LAYER	8
ONSITE_PROBES	True
LEARNING_RATE	0.001
PROBE_RANK	16
PROBE_CUDA	False
BATCH_SIZE	100
PROBE_SAVEPATH	C:\Program Files\Python311\Lib\site-packages\thehow\dependency_probe\probes
EPOCHS	20
PROBE_LOSS_POW	2
CONLL_ALIAS	wsj
CONLL_PATH	C:\Program Files\Python311\Lib\site-packages\thehow\dependency_probe\datasets\conll\wsj
TRAIN_CONLL_PATH	C:\Program Files\Python311\Lib\site-packages\thehow\dependency_probe\datasets\conll\wsj\en_wsj-ud-train.conllu
DEV_CONLL_PATH	C:\Program Files\Python311\Lib\site-packages\thehow\dependency_probe\datasets\conll\wsj\en_wsj-ud-dev.conllu
TEST_CONLL_PATH	C:\Program Files\Python311\Lib\site-packages\thehow\dependency_probe\datasets\conll\wsj\en_wsj-ud-test.conllu
DEPD_DIRECTED	False
DATASET_PKL_PATH	C:\Program Files\Python311\Lib\site-packages\thehow\dependency_probe\datasets\pkl
REPORTS_PATH	C:\Program Files\Python311\Lib\site-packages\thehow\dependency_probe\reports
METHOD	pairwisedepd
