[Mean spearmanr for sents of len 5-50]
0.8109399987115644

[UUAS]
0.5658162261428478

[SPEARMANR]
sent_len	mean_spearmanr
2	0.9999999999999998
3	0.835250566856775
4	0.7850639786444829
5	0.7175452599319265
6	0.7573698393166949
7	0.7699331106067494
8	0.757880864596835
9	0.79135067704704
10	0.7880693677580104
11	0.7995699876902519
12	0.8157525891570677
13	0.8270245668567406
14	0.7968888579948883
15	0.8077403600964486
16	0.8214313485820876
17	0.8274457592325124
18	0.825462694071104
19	0.8258194944734422
20	0.8166640154594084
21	0.8204586191643498
22	0.8263316557318493
23	0.821212354945495
24	0.8265589154037691
25	0.8314915656278914
26	0.826207221890653
27	0.8287597202273683
28	0.8336379623837676
29	0.8301388558454333
30	0.8171366821170588
31	0.8322581399852934
32	0.8276911089647572
33	0.8267441102553944
34	0.8384107632183011
35	0.8205004408317738
36	0.8231504700482285
37	0.8248416796752824
38	0.8244694097286441
39	0.8189848887796031
40	0.8235648277922543
41	0.8082996731387148
42	0.810599004294795
43	0.7967607207220597
44	0.8140952880972882
45	0.8267554197008782
46	0.8240112028990872
47	0.802625369688385
48	0.8011447598254433
49	0.7632022615412106
50	0.7872480553357307
51	0.8520830892121662
52	0.7998344407015897
53	0.8126098768278314
54	0.7549340887886368
55	0.7553077819246627
56	0.7184953463621326
57	0.7489336170497076
58	0.757467668013397
59	0.743506081765384
60	0.4202594701387336
61	0.6804534880874863
62	0.8340984440413111
63	0.7965984963113808
64	0.6594959262024074
65	0.7647166376368549
66	0.8195524838155062
67	0.7268208768665267
69	0.7268757461093348
90	0.5355114631965687
116	0.5769688467607142
118	0.5029573726880375

[EPOCH LOSSES]
0
1
2
3
4
5
6
7
8
9
10
11
12
13
14
15
16
17
18
19

[SETTINGS]
ROOT_PATH	C:\Program Files\Python311\Lib\site-packages\thehow\dependency_probe
MODEL_NAME	bert_large_uncased
MODEL_PATH	D:\transformers\bert\bert_large_uncased
MODEL_NLAYER	24
NDIM_TOKEN_EMBEDDING	1024
MODEL_CUDA	False
ONSITE_EMBEDDINGS	False
HIDDEN_LAYER	16
ONSITE_PROBES	True
LEARNING_RATE	0.001
PROBE_RANK	16
PROBE_CUDA	False
BATCH_SIZE	100
PROBE_SAVEPATH	C:\Program Files\Python311\Lib\site-packages\thehow\dependency_probe\probes
EPOCHS	20
PROBE_LOSS_POW	2
CONLL_ALIAS	wsj
CONLL_PATH	C:\Program Files\Python311\Lib\site-packages\thehow\dependency_probe\datasets\conll\wsj
TRAIN_CONLL_PATH	C:\Program Files\Python311\Lib\site-packages\thehow\dependency_probe\datasets\conll\wsj\en_wsj-ud-train.conllu
DEV_CONLL_PATH	C:\Program Files\Python311\Lib\site-packages\thehow\dependency_probe\datasets\conll\wsj\en_wsj-ud-dev.conllu
TEST_CONLL_PATH	C:\Program Files\Python311\Lib\site-packages\thehow\dependency_probe\datasets\conll\wsj\en_wsj-ud-test.conllu
DEPD_DIRECTED	False
DATASET_PKL_PATH	C:\Program Files\Python311\Lib\site-packages\thehow\dependency_probe\datasets\pkl
REPORTS_PATH	C:\Program Files\Python311\Lib\site-packages\thehow\dependency_probe\reports
METHOD	pairwisedepd
