[Mean spearmanr for sents of len 5-50]
0.6919467484788676

[UUAS]
0.4806847248639077

[SPEARMANR]
sent_len	mean_spearmanr
2	0.9999999999999998
3	0.8577730893792975
4	0.7344844155724529
5	0.6789358340740519
6	0.7319920160987938
7	0.7060294913957783
8	0.6800798451411096
9	0.6873172028311622
10	0.6938612249110144
11	0.6778404007013092
12	0.7092610009168361
13	0.6944870049005247
14	0.6741527562159111
15	0.6913499093384796
16	0.7001772260570828
17	0.6939227088261275
18	0.6919164170892159
19	0.6901400206069774
20	0.6903583872187545
21	0.685748442769674
22	0.6924230081363558
23	0.6908538072780185
24	0.691648859482813
25	0.678770938808911
26	0.6812649945668554
27	0.6883283657211674
28	0.7003085245524115
29	0.6907491258981507
30	0.6847562448304292
31	0.7023749939465326
32	0.6992457391023514
33	0.6852496691375672
34	0.7075264980050955
35	0.6737290611885607
36	0.7037861313918693
37	0.6987478143722947
38	0.6894454569752071
39	0.6862719018139686
40	0.7008688385788654
41	0.6726112918906211
42	0.6864448350613607
43	0.6746838677584318
44	0.711233675190408
45	0.708897778487594
46	0.7002806406222047
47	0.6868257970863231
48	0.7000020790850127
49	0.6688567237625597
50	0.6957938782031649
51	0.7135431752592709
52	0.7146827253786844
53	0.6837222514337862
54	0.6396672602985712
55	0.70875086289523
56	0.6306562384050195
57	0.636177521617444
58	0.687103803950016
59	0.6813738853327376
60	0.38874204358709563
61	0.5985972651903516
62	0.6772158170045259
63	0.6379050137778728
64	0.6059197926929497
65	0.6980259368219421
66	0.7092138632909837
67	0.606722272717271
69	0.5759908472476873
90	0.3495918570835284
116	0.32931479526525576
118	0.3043985954314551

[EPOCH LOSSES]
0
1
2
3
4
5
6
7
8
9
10
11
12
13
14
15
16
17
18
19

[SETTINGS]
ROOT_PATH	C:\Program Files\Python311\Lib\site-packages\thehow\dependency_probe
MODEL_NAME	bert_large_uncased
MODEL_PATH	D:\transformers\bert\bert_large_uncased
MODEL_NLAYER	24
NDIM_TOKEN_EMBEDDING	1024
MODEL_CUDA	False
ONSITE_EMBEDDINGS	False
HIDDEN_LAYER	0
ONSITE_PROBES	True
LEARNING_RATE	0.001
PROBE_RANK	16
PROBE_CUDA	False
BATCH_SIZE	100
PROBE_SAVEPATH	C:\Program Files\Python311\Lib\site-packages\thehow\dependency_probe\probes
EPOCHS	20
PROBE_LOSS_POW	2
CONLL_ALIAS	wsj
CONLL_PATH	C:\Program Files\Python311\Lib\site-packages\thehow\dependency_probe\datasets\conll\wsj
TRAIN_CONLL_PATH	C:\Program Files\Python311\Lib\site-packages\thehow\dependency_probe\datasets\conll\wsj\en_wsj-ud-train.conllu
DEV_CONLL_PATH	C:\Program Files\Python311\Lib\site-packages\thehow\dependency_probe\datasets\conll\wsj\en_wsj-ud-dev.conllu
TEST_CONLL_PATH	C:\Program Files\Python311\Lib\site-packages\thehow\dependency_probe\datasets\conll\wsj\en_wsj-ud-test.conllu
DEPD_DIRECTED	False
DATASET_PKL_PATH	C:\Program Files\Python311\Lib\site-packages\thehow\dependency_probe\datasets\pkl
REPORTS_PATH	C:\Program Files\Python311\Lib\site-packages\thehow\dependency_probe\reports
METHOD	pairwisedepd
