[Mean spearmanr for sents of len 5-50]
0.7862899609089739

[UUAS]
0.5500207691130495

[SPEARMANR]
sent_len	mean_spearmanr
2	0.9999999999999998
3	0.8577730893792975
4	0.711173536012829
5	0.6647439621675529
6	0.7691682290340912
7	0.7686296780832795
8	0.7658495756688818
9	0.793260754935267
10	0.7832824382149537
11	0.7955989535745798
12	0.8115714154466475
13	0.8195984365453352
14	0.782900270101906
15	0.8019496753709991
16	0.8067512765644504
17	0.8067323239454197
18	0.8033687322162397
19	0.8011578694768374
20	0.7990029284611968
21	0.8025547914964978
22	0.8003789196283021
23	0.7988911094000011
24	0.8058025855307517
25	0.7970031070362097
26	0.7917023504375408
27	0.8019306325644434
28	0.80521652486467
29	0.7971216986768239
30	0.7872963714028934
31	0.7965647035796879
32	0.7996071803739209
33	0.7874728884237794
34	0.806715854532114
35	0.7789160661149169
36	0.7891763601908096
37	0.7919013572968139
38	0.7915605404456759
39	0.7850150414133058
40	0.7903143705139555
41	0.7728401890053156
42	0.7722680682605212
43	0.7607220505583423
44	0.7787305722175051
45	0.7802802331060311
46	0.7845584861183666
47	0.7646908905378755
48	0.7768694940760645
49	0.7290403089549407
50	0.7706289352470801
51	0.7895288596420494
52	0.7865799851481831
53	0.7376617119052806
54	0.7006590352338434
55	0.7265704175530726
56	0.6799670233287058
57	0.6918186043577703
58	0.7271762827836673
59	0.696489582037268
60	0.32935653128368486
61	0.6276624306101202
62	0.7347209415992342
63	0.7460881930568467
64	0.623045443554982
65	0.7622791062671267
66	0.7555137959968979
67	0.6478901942338299
69	0.6231530529914993
90	0.46134054396507296
116	0.4952874051618779
118	0.42782502376627474

[EPOCH LOSSES]
0
1
2
3
4
5
6
7
8
9
10
11
12
13
14
15
16
17
18
19

[SETTINGS]
ROOT_PATH	C:\Program Files\Python311\Lib\site-packages\thehow\dependency_probe
MODEL_NAME	bert_large_uncased
MODEL_PATH	D:\transformers\bert\bert_large_uncased
MODEL_NLAYER	24
NDIM_TOKEN_EMBEDDING	1024
MODEL_CUDA	False
ONSITE_EMBEDDINGS	False
HIDDEN_LAYER	12
ONSITE_PROBES	True
LEARNING_RATE	0.001
PROBE_RANK	16
PROBE_CUDA	False
BATCH_SIZE	100
PROBE_SAVEPATH	C:\Program Files\Python311\Lib\site-packages\thehow\dependency_probe\probes
EPOCHS	20
PROBE_LOSS_POW	2
CONLL_ALIAS	wsj
CONLL_PATH	C:\Program Files\Python311\Lib\site-packages\thehow\dependency_probe\datasets\conll\wsj
TRAIN_CONLL_PATH	C:\Program Files\Python311\Lib\site-packages\thehow\dependency_probe\datasets\conll\wsj\en_wsj-ud-train.conllu
DEV_CONLL_PATH	C:\Program Files\Python311\Lib\site-packages\thehow\dependency_probe\datasets\conll\wsj\en_wsj-ud-dev.conllu
TEST_CONLL_PATH	C:\Program Files\Python311\Lib\site-packages\thehow\dependency_probe\datasets\conll\wsj\en_wsj-ud-test.conllu
DEPD_DIRECTED	False
DATASET_PKL_PATH	C:\Program Files\Python311\Lib\site-packages\thehow\dependency_probe\datasets\pkl
REPORTS_PATH	C:\Program Files\Python311\Lib\site-packages\thehow\dependency_probe\reports
METHOD	pairwisedepd
