[Mean spearmanr for sents of len 5-50]
0.7124057744257037

[UUAS]
0.4688463304256575

[SPEARMANR]
sent_len	mean_spearmanr
2	0.9999999999999998
3	0.8217370533432615
4	0.7201987012867387
5	0.5966817749120454
6	0.7187617148234274
7	0.6752262022018332
8	0.6759189029551534
9	0.6920515975350248
10	0.7086913910724997
11	0.7113742778263372
12	0.7286250731092675
13	0.7411834407968119
14	0.7195766684899978
15	0.7248346327807214
16	0.736133177222545
17	0.7298445351200941
18	0.7320948064473789
19	0.7286038600297802
20	0.7333619446911896
21	0.7355969219214994
22	0.7334987546602212
23	0.7251797901993342
24	0.7281559078915334
25	0.7240604956353079
26	0.7189663758545669
27	0.727569978625235
28	0.7333252776513552
29	0.7200523311230757
30	0.7124301319429224
31	0.7297423053749315
32	0.7318608778965187
33	0.7162571787547988
34	0.7328231706863827
35	0.7016177051037513
36	0.7169396529723284
37	0.7206563721196283
38	0.7120509756249932
39	0.7045728832992635
40	0.7144759873615306
41	0.6971428952637679
42	0.7001183395359596
43	0.6877509776148972
44	0.7109606756287675
45	0.7097117758459975
46	0.7133534850741493
47	0.6982780125809958
48	0.7000779287448972
49	0.668704934812109
50	0.6917695237675444
51	0.7316565829048618
52	0.7213675200924444
53	0.6908294658400848
54	0.642583571749107
55	0.681905213564851
56	0.6388942692681847
57	0.6192185610549877
58	0.6564530090047329
59	0.6688241271633178
60	0.33568648181952715
61	0.6069771024522641
62	0.685761418273864
63	0.6620524209467779
64	0.5651780422178141
65	0.7583507081664153
66	0.6900176460556319
67	0.5817142999832436
69	0.5481341067169402
90	0.4283553385047364
116	0.4047471163787982
118	0.4444783246047017

[EPOCH LOSSES]
0
1
2
3
4
5
6
7
8
9
10
11
12
13
14
15
16
17
18
19

[SETTINGS]
ROOT_PATH	C:\Program Files\Python311\Lib\site-packages\thehow\dependency_probe
MODEL_NAME	bert_large_uncased
MODEL_PATH	D:\transformers\bert\bert_large_uncased
MODEL_NLAYER	24
NDIM_TOKEN_EMBEDDING	1024
MODEL_CUDA	False
ONSITE_EMBEDDINGS	False
HIDDEN_LAYER	7
ONSITE_PROBES	True
LEARNING_RATE	0.001
PROBE_RANK	16
PROBE_CUDA	False
BATCH_SIZE	100
PROBE_SAVEPATH	C:\Program Files\Python311\Lib\site-packages\thehow\dependency_probe\probes
EPOCHS	20
PROBE_LOSS_POW	2
CONLL_ALIAS	wsj
CONLL_PATH	C:\Program Files\Python311\Lib\site-packages\thehow\dependency_probe\datasets\conll\wsj
TRAIN_CONLL_PATH	C:\Program Files\Python311\Lib\site-packages\thehow\dependency_probe\datasets\conll\wsj\en_wsj-ud-train.conllu
DEV_CONLL_PATH	C:\Program Files\Python311\Lib\site-packages\thehow\dependency_probe\datasets\conll\wsj\en_wsj-ud-dev.conllu
TEST_CONLL_PATH	C:\Program Files\Python311\Lib\site-packages\thehow\dependency_probe\datasets\conll\wsj\en_wsj-ud-test.conllu
DEPD_DIRECTED	False
DATASET_PKL_PATH	C:\Program Files\Python311\Lib\site-packages\thehow\dependency_probe\datasets\pkl
REPORTS_PATH	C:\Program Files\Python311\Lib\site-packages\thehow\dependency_probe\reports
METHOD	pairwisedepd
