[Mean spearmanr for sents of len 5-50]
0.6453143480584904

[UUAS]
0.4434424258324042

[SPEARMANR]
sent_len	mean_spearmanr
2	0.9999999999999998
3	0.8622775938838021
4	0.7210028020958615
5	0.6437022229672497
6	0.6918113905363613
7	0.6665708579789067
8	0.6512591207738064
9	0.6717818661876688
10	0.6525732361775428
11	0.6476148048647679
12	0.6577108506778021
13	0.6673561988855126
14	0.6514359809715604
15	0.6537259622422148
16	0.6449115962940627
17	0.649103624940573
18	0.6572282678273694
19	0.6530800311158725
20	0.6443531394670566
21	0.6530110080961398
22	0.640735646015648
23	0.6431891731931813
24	0.6425833587011746
25	0.6465441899931412
26	0.6527748853698477
27	0.6471483564002024
28	0.6479130689867645
29	0.6471356327763417
30	0.6271925435729493
31	0.6554053775805154
32	0.6594946969286727
33	0.6581160187782102
34	0.6568692385552314
35	0.6289551813696705
36	0.6406661327893791
37	0.6297435956477677
38	0.6195157807600047
39	0.6429849476433346
40	0.652562799467062
41	0.6227418753491256
42	0.6463056915365709
43	0.6237130261807562
44	0.6454282544939647
45	0.6435002783795217
46	0.6372793898186291
47	0.6307473862395315
48	0.6182758995108766
49	0.6125828299458276
50	0.6071245947021858
51	0.6637420968997418
52	0.6401571107019061
53	0.6288807914552493
54	0.5666469228486936
55	0.6090180023529573
56	0.5796831785645595
57	0.6343562655606818
58	0.5912562422391787
59	0.5507212861510824
60	0.3369425433647953
61	0.5777455830939011
62	0.6564667237639559
63	0.552560396741824
64	0.5291713794939984
65	0.6551197379575001
66	0.6216720345940328
67	0.5828402902882555
69	0.6047809192522458
90	0.49199621209187294
116	0.4224833017438656
118	0.36596713797333164

[EPOCH LOSSES]
0
1
2
3
4
5
6
7
8
9
10
11
12
13
14
15
16
17
18
19

[SETTINGS]
ROOT_PATH	C:\Program Files\Python311\Lib\site-packages\thehow\dependency_probe
MODEL_NAME	bert_large_uncased
MODEL_PATH	D:\transformers\bert\bert_large_uncased
MODEL_NLAYER	24
NDIM_TOKEN_EMBEDDING	1024
MODEL_CUDA	False
ONSITE_EMBEDDINGS	False
HIDDEN_LAYER	23
ONSITE_PROBES	True
LEARNING_RATE	0.001
PROBE_RANK	16
PROBE_CUDA	False
BATCH_SIZE	100
PROBE_SAVEPATH	C:\Program Files\Python311\Lib\site-packages\thehow\dependency_probe\probes
EPOCHS	20
PROBE_LOSS_POW	2
CONLL_ALIAS	wsj
CONLL_PATH	C:\Program Files\Python311\Lib\site-packages\thehow\dependency_probe\datasets\conll\wsj
TRAIN_CONLL_PATH	C:\Program Files\Python311\Lib\site-packages\thehow\dependency_probe\datasets\conll\wsj\en_wsj-ud-train.conllu
DEV_CONLL_PATH	C:\Program Files\Python311\Lib\site-packages\thehow\dependency_probe\datasets\conll\wsj\en_wsj-ud-dev.conllu
TEST_CONLL_PATH	C:\Program Files\Python311\Lib\site-packages\thehow\dependency_probe\datasets\conll\wsj\en_wsj-ud-test.conllu
DEPD_DIRECTED	False
DATASET_PKL_PATH	C:\Program Files\Python311\Lib\site-packages\thehow\dependency_probe\datasets\pkl
REPORTS_PATH	C:\Program Files\Python311\Lib\site-packages\thehow\dependency_probe\reports
METHOD	pairwisedepd
