[Mean spearmanr for sents of len 5-50]
0.7388060028513853

[UUAS]
0.48353774513018954

[SPEARMANR]
sent_len	mean_spearmanr
2	0.9999999999999998
3	0.7857010173072255
4	0.7203918889774154
5	0.6261091860025729
6	0.7037855857262706
7	0.7117196249828608
8	0.699502531663969
9	0.7293523520558427
10	0.7282152667516015
11	0.7435702476361242
12	0.7556315722714395
13	0.7640828469707223
14	0.7396224220183185
15	0.7552992782704384
16	0.758686658370674
17	0.7546520549887634
18	0.7507286025229181
19	0.7549447175306768
20	0.751733666798234
21	0.7598075128655157
22	0.7591099216718094
23	0.7502563551054068
24	0.7540452222995839
25	0.7498693287525978
26	0.7424976033738727
27	0.7570314968653192
28	0.7584261819216644
29	0.7518439303020706
30	0.7400825594658378
31	0.7542719567282363
32	0.7580417166898935
33	0.7427117417783609
34	0.7672204410622656
35	0.7308303824803869
36	0.7472434109482494
37	0.7466476115080419
38	0.7445306966304703
39	0.738618660697928
40	0.7422879081519463
41	0.7207637829482157
42	0.7294791419856111
43	0.7226343474411173
44	0.7364700980130796
45	0.7409568396883113
46	0.7394672100339887
47	0.7240822896763888
48	0.7367744412301305
49	0.6884381944576425
50	0.7229985318283554
51	0.745655136219458
52	0.7460327991226977
53	0.7046825015465458
54	0.6738899686674812
55	0.6960641464584211
56	0.6485984414618025
57	0.6463341426682849
58	0.6963295814916736
59	0.6871846436221059
60	0.3082601019108156
61	0.605190265614687
62	0.6934772811039839
63	0.6913995638125061
64	0.5912861029637846
65	0.7524529041089286
66	0.7303025610035228
67	0.6141565597193451
69	0.5648447712809757
90	0.4400004919923262
116	0.4381816293736097
118	0.4298204377345445

[EPOCH LOSSES]
0
1
2
3
4
5
6
7
8
9
10
11
12
13
14
15
16
17
18
19

[SETTINGS]
ROOT_PATH	C:\Program Files\Python311\Lib\site-packages\thehow\dependency_probe
MODEL_NAME	bert_large_uncased
MODEL_PATH	D:\transformers\bert\bert_large_uncased
MODEL_NLAYER	24
NDIM_TOKEN_EMBEDDING	1024
MODEL_CUDA	False
ONSITE_EMBEDDINGS	False
HIDDEN_LAYER	9
ONSITE_PROBES	True
LEARNING_RATE	0.001
PROBE_RANK	16
PROBE_CUDA	False
BATCH_SIZE	100
PROBE_SAVEPATH	C:\Program Files\Python311\Lib\site-packages\thehow\dependency_probe\probes
EPOCHS	20
PROBE_LOSS_POW	2
CONLL_ALIAS	wsj
CONLL_PATH	C:\Program Files\Python311\Lib\site-packages\thehow\dependency_probe\datasets\conll\wsj
TRAIN_CONLL_PATH	C:\Program Files\Python311\Lib\site-packages\thehow\dependency_probe\datasets\conll\wsj\en_wsj-ud-train.conllu
DEV_CONLL_PATH	C:\Program Files\Python311\Lib\site-packages\thehow\dependency_probe\datasets\conll\wsj\en_wsj-ud-dev.conllu
TEST_CONLL_PATH	C:\Program Files\Python311\Lib\site-packages\thehow\dependency_probe\datasets\conll\wsj\en_wsj-ud-test.conllu
DEPD_DIRECTED	False
DATASET_PKL_PATH	C:\Program Files\Python311\Lib\site-packages\thehow\dependency_probe\datasets\pkl
REPORTS_PATH	C:\Program Files\Python311\Lib\site-packages\thehow\dependency_probe\reports
METHOD	pairwisedepd
