[Mean spearmanr for sents of len 5-50]
0.6854277733739598

[UUAS]
0.47515358212544545

[SPEARMANR]
sent_len	mean_spearmanr
2	0.9999999999999998
3	0.826241557847766
4	0.6800279673697713
5	0.6325423803585027
6	0.7057940381796752
7	0.6810880453202214
8	0.6575389912168483
9	0.7007752024904197
10	0.6776401660554432
11	0.6809309536540855
12	0.6910745106663521
13	0.7014790177774808
14	0.6865909799053752
15	0.6993033047352634
16	0.6901021352580309
17	0.6883205615308442
18	0.6910892806708883
19	0.6963173542919999
20	0.6883851219605441
21	0.6941826243436899
22	0.6846801442455758
23	0.688864674364967
24	0.6919200178271163
25	0.694185002954451
26	0.6959383918088452
27	0.6906982779626447
28	0.6944056236030417
29	0.6939798157724506
30	0.6739933946542684
31	0.7036955115473867
32	0.7019282442023894
33	0.7025697430965777
34	0.709074140975138
35	0.6751900699160868
36	0.6871441887951426
37	0.6797816024824906
38	0.6696720660630935
39	0.6910300263106689
40	0.6942325001583548
41	0.6709691975473729
42	0.6874720548364052
43	0.6702753684566951
44	0.6901210838457524
45	0.6930426438002729
46	0.687303851494612
47	0.672557242120042
48	0.6666990177163861
49	0.6497998571545875
50	0.6552991530736708
51	0.7044684314114193
52	0.6743408282235774
53	0.6836601236535798
54	0.6235997244155493
55	0.6534273866871232
56	0.605520959351576
57	0.6510735576871646
58	0.6245844626027092
59	0.5863210079626182
60	0.36913381807160495
61	0.6014282343114291
62	0.7028291175123061
63	0.6317665969978351
64	0.5609058281106337
65	0.6936987344138786
66	0.6529348065039442
67	0.5939634660129914
69	0.6326025406631322
90	0.4954440888885752
116	0.44233403149143746
118	0.3958181451067738

[EPOCH LOSSES]
0
1
2
3
4
5
6
7
8
9
10
11
12
13
14
15
16
17
18
19

[SETTINGS]
ROOT_PATH	C:\Program Files\Python311\Lib\site-packages\thehow\dependency_probe
MODEL_NAME	bert_large_uncased
MODEL_PATH	D:\transformers\bert\bert_large_uncased
MODEL_NLAYER	24
NDIM_TOKEN_EMBEDDING	1024
MODEL_CUDA	False
ONSITE_EMBEDDINGS	False
HIDDEN_LAYER	21
ONSITE_PROBES	True
LEARNING_RATE	0.001
PROBE_RANK	16
PROBE_CUDA	False
BATCH_SIZE	100
PROBE_SAVEPATH	C:\Program Files\Python311\Lib\site-packages\thehow\dependency_probe\probes
EPOCHS	20
PROBE_LOSS_POW	2
CONLL_ALIAS	wsj
CONLL_PATH	C:\Program Files\Python311\Lib\site-packages\thehow\dependency_probe\datasets\conll\wsj
TRAIN_CONLL_PATH	C:\Program Files\Python311\Lib\site-packages\thehow\dependency_probe\datasets\conll\wsj\en_wsj-ud-train.conllu
DEV_CONLL_PATH	C:\Program Files\Python311\Lib\site-packages\thehow\dependency_probe\datasets\conll\wsj\en_wsj-ud-dev.conllu
TEST_CONLL_PATH	C:\Program Files\Python311\Lib\site-packages\thehow\dependency_probe\datasets\conll\wsj\en_wsj-ud-test.conllu
DEPD_DIRECTED	False
DATASET_PKL_PATH	C:\Program Files\Python311\Lib\site-packages\thehow\dependency_probe\datasets\pkl
REPORTS_PATH	C:\Program Files\Python311\Lib\site-packages\thehow\dependency_probe\reports
METHOD	pairwisedepd
