[Mean spearmanr for sents of len 5-50]
0.7711801584190381

[UUAS]
0.5302354561553092

[SPEARMANR]
sent_len	mean_spearmanr
2	0.9999999999999998
3	0.8127280443342525
4	0.6888599449530045
5	0.6901876139484012
6	0.7120601235265873
7	0.7333445889074105
8	0.7180982276745849
9	0.7556844315477333
10	0.7361506843791208
11	0.7590886446939322
12	0.76479148471885
13	0.77192671267728
14	0.7491326260931984
15	0.7711779118262645
16	0.7700387912104535
17	0.7743515063948385
18	0.7759116596424953
19	0.7796451471476868
20	0.7743507703435807
21	0.7784050074550193
22	0.7791426202526999
23	0.77992645992142
24	0.7859303948405476
25	0.7861971503586989
26	0.7834249941389039
27	0.7878782646593327
28	0.7933233585150817
29	0.7886930889044931
30	0.7774476747558043
31	0.7952318229317561
32	0.7966488364089774
33	0.7969304990433561
34	0.8047806095608622
35	0.7737660667335411
36	0.7791302834063691
37	0.7888804116061118
38	0.7827745888687916
39	0.7831778053778137
40	0.7922876269597733
41	0.7834363723770552
42	0.7754187814506155
43	0.7742943647134728
44	0.790613242907145
45	0.7861901666172978
46	0.783432703573264
47	0.7682671803354645
48	0.7604730162879342
49	0.7329947167803227
50	0.7492482528014108
51	0.8065624846119434
52	0.7548098386941594
53	0.7851862714951362
54	0.7114677035270407
55	0.7370876031034272
56	0.6773636950728034
57	0.7175760457988157
58	0.7258398833784937
59	0.6836639910800808
60	0.4233310199379256
61	0.6570355976604934
62	0.8126671877160104
63	0.794215574696198
64	0.6374654829953984
65	0.7325523173095619
66	0.7236721621735984
67	0.6497009475780116
69	0.7173557791457028
90	0.5395268854257498
116	0.4975912376745231
118	0.4494662187721841

[EPOCH LOSSES]
0
1
2
3
4
5
6
7
8
9
10
11
12
13
14
15
16
17
18
19

[SETTINGS]
ROOT_PATH	C:\Program Files\Python311\Lib\site-packages\thehow\dependency_probe
MODEL_NAME	bert_large_uncased
MODEL_PATH	D:\transformers\bert\bert_large_uncased
MODEL_NLAYER	24
NDIM_TOKEN_EMBEDDING	1024
MODEL_CUDA	False
ONSITE_EMBEDDINGS	False
HIDDEN_LAYER	19
ONSITE_PROBES	True
LEARNING_RATE	0.001
PROBE_RANK	16
PROBE_CUDA	False
BATCH_SIZE	100
PROBE_SAVEPATH	C:\Program Files\Python311\Lib\site-packages\thehow\dependency_probe\probes
EPOCHS	20
PROBE_LOSS_POW	2
CONLL_ALIAS	wsj
CONLL_PATH	C:\Program Files\Python311\Lib\site-packages\thehow\dependency_probe\datasets\conll\wsj
TRAIN_CONLL_PATH	C:\Program Files\Python311\Lib\site-packages\thehow\dependency_probe\datasets\conll\wsj\en_wsj-ud-train.conllu
DEV_CONLL_PATH	C:\Program Files\Python311\Lib\site-packages\thehow\dependency_probe\datasets\conll\wsj\en_wsj-ud-dev.conllu
TEST_CONLL_PATH	C:\Program Files\Python311\Lib\site-packages\thehow\dependency_probe\datasets\conll\wsj\en_wsj-ud-test.conllu
DEPD_DIRECTED	False
DATASET_PKL_PATH	C:\Program Files\Python311\Lib\site-packages\thehow\dependency_probe\datasets\pkl
REPORTS_PATH	C:\Program Files\Python311\Lib\site-packages\thehow\dependency_probe\reports
METHOD	pairwisedepd
