[Mean spearmanr for sents of len 5-50]
0.7544919647970956

[UUAS]
0.51418858354649

[SPEARMANR]
sent_len	mean_spearmanr
2	0.9999999999999998
3	0.7947100263162344
4	0.7140531326436811
5	0.6354041096225891
6	0.7289594450978159
7	0.7310866411872978
8	0.726078870974624
9	0.7550733799164857
10	0.74462998955778
11	0.7587517039634635
12	0.7794969084091133
13	0.7841250883597864
14	0.7481649660927706
15	0.7696705367388583
16	0.7774450464780174
17	0.7728209009930382
18	0.7680420172490354
19	0.7715075122332683
20	0.7673462764499218
21	0.7758496359281111
22	0.773308700335112
23	0.7666776095682349
24	0.7735876281302185
25	0.7670486849257153
26	0.7616352481756119
27	0.776031116727527
28	0.7765221452759286
29	0.7698110876164331
30	0.7554783111609296
31	0.770347780411186
32	0.772613855174286
33	0.7584851503441022
34	0.7800739436340492
35	0.7435795713615085
36	0.7594093604489855
37	0.7621013838587871
38	0.7623277617654869
39	0.7522662271422519
40	0.7561353579761756
41	0.7353153857742406
42	0.740249329375464
43	0.7351974664130952
44	0.7480627922648088
45	0.7529748200823925
46	0.7505503275557182
47	0.7343739061876883
48	0.749346539240206
49	0.6916683828414286
50	0.7369974776468436
51	0.7584556355953039
52	0.7573470528788543
53	0.7136805029308723
54	0.6756732145593545
55	0.7076879713819401
56	0.6572557813398221
57	0.6637744000893029
58	0.7077952514788285
59	0.6904533008115221
60	0.3064786121023817
61	0.6190565671969488
62	0.6997265803160163
63	0.7011091418570593
64	0.6004609166700243
65	0.7498042904161757
66	0.7350375147995194
67	0.6509140173957815
69	0.5723476162335955
90	0.4424591465109412
116	0.4639456862457049
118	0.4361689278662695

[EPOCH LOSSES]
0
1
2
3
4
5
6
7
8
9
10
11
12
13
14
15
16
17
18
19

[SETTINGS]
ROOT_PATH	C:\Program Files\Python311\Lib\site-packages\thehow\dependency_probe
MODEL_NAME	bert_large_uncased
MODEL_PATH	D:\transformers\bert\bert_large_uncased
MODEL_NLAYER	24
NDIM_TOKEN_EMBEDDING	1024
MODEL_CUDA	False
ONSITE_EMBEDDINGS	False
HIDDEN_LAYER	10
ONSITE_PROBES	True
LEARNING_RATE	0.001
PROBE_RANK	16
PROBE_CUDA	False
BATCH_SIZE	100
PROBE_SAVEPATH	C:\Program Files\Python311\Lib\site-packages\thehow\dependency_probe\probes
EPOCHS	20
PROBE_LOSS_POW	2
CONLL_ALIAS	wsj
CONLL_PATH	C:\Program Files\Python311\Lib\site-packages\thehow\dependency_probe\datasets\conll\wsj
TRAIN_CONLL_PATH	C:\Program Files\Python311\Lib\site-packages\thehow\dependency_probe\datasets\conll\wsj\en_wsj-ud-train.conllu
DEV_CONLL_PATH	C:\Program Files\Python311\Lib\site-packages\thehow\dependency_probe\datasets\conll\wsj\en_wsj-ud-dev.conllu
TEST_CONLL_PATH	C:\Program Files\Python311\Lib\site-packages\thehow\dependency_probe\datasets\conll\wsj\en_wsj-ud-test.conllu
DEPD_DIRECTED	False
DATASET_PKL_PATH	C:\Program Files\Python311\Lib\site-packages\thehow\dependency_probe\datasets\pkl
REPORTS_PATH	C:\Program Files\Python311\Lib\site-packages\thehow\dependency_probe\reports
METHOD	pairwisedepd
