[Mean spearmanr for sents of len 5-50]
0.7799677316797926

[UUAS]
0.5365536389672285

[SPEARMANR]
sent_len	mean_spearmanr
2	0.9999999999999998
3	0.826241557847766
4	0.6919327292745333
5	0.6660831555201927
6	0.7344237778388011
7	0.7366195770627428
8	0.7252859973376966
9	0.7624162616045658
10	0.7490853255780265
11	0.7629221767834983
12	0.7760283543001995
13	0.7831408095546747
14	0.7598039619249215
15	0.7794890742016366
16	0.7810383366897744
17	0.7844374281394161
18	0.7865726322940396
19	0.7930747403940555
20	0.7870166896330012
21	0.7896107596984869
22	0.7909343397188711
23	0.7903762174888082
24	0.7924468501211748
25	0.7975433123411844
26	0.7949978443023469
27	0.797256994815906
28	0.8023755248514489
29	0.7980212984653763
30	0.7881766074759112
31	0.8016788361594487
32	0.8042112350028541
33	0.8049368961327678
34	0.8106074096040466
35	0.7891957440179056
36	0.7862646794120142
37	0.7990415520329168
38	0.7959750043794043
39	0.7915610317668316
40	0.8007420831965893
41	0.78980933919009
42	0.7824084950537026
43	0.7778802747934085
44	0.8005862141950345
45	0.7918050243184765
46	0.7934492616347208
47	0.7769299039599592
48	0.7723867175955568
49	0.7424283159920844
50	0.7574395906958911
51	0.8239565508318814
52	0.7546351757746874
53	0.7878603028815289
54	0.7182156249794807
55	0.7447396164652834
56	0.6898246288423042
57	0.7267258221542294
58	0.7425905056314521
59	0.7025651711686378
60	0.42665632847778917
61	0.6613185775243192
62	0.8167229731381295
63	0.8054990767776584
64	0.6420581879175784
65	0.7401662378025393
66	0.7604344546489151
67	0.6646718841148218
69	0.7269216654132669
90	0.5566601355530795
116	0.5177972238572616
118	0.4722177370965042

[EPOCH LOSSES]
0
1
2
3
4
5
6
7
8
9
10
11
12
13
14
15
16
17
18
19

[SETTINGS]
ROOT_PATH	C:\Program Files\Python311\Lib\site-packages\thehow\dependency_probe
MODEL_NAME	bert_large_uncased
MODEL_PATH	D:\transformers\bert\bert_large_uncased
MODEL_NLAYER	24
NDIM_TOKEN_EMBEDDING	1024
MODEL_CUDA	False
ONSITE_EMBEDDINGS	False
HIDDEN_LAYER	18
ONSITE_PROBES	True
LEARNING_RATE	0.001
PROBE_RANK	16
PROBE_CUDA	False
BATCH_SIZE	100
PROBE_SAVEPATH	C:\Program Files\Python311\Lib\site-packages\thehow\dependency_probe\probes
EPOCHS	20
PROBE_LOSS_POW	2
CONLL_ALIAS	wsj
CONLL_PATH	C:\Program Files\Python311\Lib\site-packages\thehow\dependency_probe\datasets\conll\wsj
TRAIN_CONLL_PATH	C:\Program Files\Python311\Lib\site-packages\thehow\dependency_probe\datasets\conll\wsj\en_wsj-ud-train.conllu
DEV_CONLL_PATH	C:\Program Files\Python311\Lib\site-packages\thehow\dependency_probe\datasets\conll\wsj\en_wsj-ud-dev.conllu
TEST_CONLL_PATH	C:\Program Files\Python311\Lib\site-packages\thehow\dependency_probe\datasets\conll\wsj\en_wsj-ud-test.conllu
DEPD_DIRECTED	False
DATASET_PKL_PATH	C:\Program Files\Python311\Lib\site-packages\thehow\dependency_probe\datasets\pkl
REPORTS_PATH	C:\Program Files\Python311\Lib\site-packages\thehow\dependency_probe\reports
METHOD	pairwisedepd
