[Mean spearmanr for sents of len 5-50]
0.7601154513385945

[UUAS]
0.5189764106600205

[SPEARMANR]
sent_len	mean_spearmanr
2	0.9999999999999998
3	0.799214530820739
4	0.6993810429766136
5	0.6725659507912588
6	0.7134352428070327
7	0.7159658207302211
8	0.7036088331475321
9	0.7487461893052092
10	0.7300621753623593
11	0.7399734973793691
12	0.746835870127302
13	0.7621972666631321
14	0.7375867938578984
15	0.7632457689699026
16	0.7581758817513241
17	0.7580592674825484
18	0.7584081172651794
19	0.7677850717735231
20	0.7611141456760999
21	0.7664558567569392
22	0.7656699433649563
23	0.766089929748085
24	0.7686453839948765
25	0.776301816584952
26	0.7738649522845927
27	0.7758024569362371
28	0.7802213446218381
29	0.7759343917514444
30	0.7646997609549733
31	0.7836395201796975
32	0.7845529102719194
33	0.7856790152433731
34	0.7909805597587746
35	0.7651176943551266
36	0.7686522528540429
37	0.7772620559061781
38	0.7698330613578883
39	0.7734822806961913
40	0.7804184907443731
41	0.7715935189496405
42	0.7660206458888201
43	0.7597590787693055
44	0.7871585758017665
45	0.7786415821986207
46	0.7773479698550045
47	0.7605412190925233
48	0.753054104450386
49	0.7333233478062403
50	0.7468011473066906
51	0.7937198648676373
52	0.7545570593806381
53	0.7647920807106517
54	0.7090565999212355
55	0.7381334074904113
56	0.6596632100918977
57	0.7254509549368068
58	0.7087412095127952
59	0.6722301034170162
60	0.40828193954419373
61	0.6554380688397713
62	0.7953308244059382
63	0.7717095788691891
64	0.631260896079096
65	0.7132597729613869
66	0.7573276782993337
67	0.6562369617218771
69	0.6936471212790648
90	0.5382504048210567
116	0.4977260700919841
118	0.435683279537924

[EPOCH LOSSES]
0
1
2
3
4
5
6
7
8
9
10
11
12
13
14
15
16
17
18
19

[SETTINGS]
ROOT_PATH	C:\Program Files\Python311\Lib\site-packages\thehow\dependency_probe
MODEL_NAME	bert_large_uncased
MODEL_PATH	D:\transformers\bert\bert_large_uncased
MODEL_NLAYER	24
NDIM_TOKEN_EMBEDDING	1024
MODEL_CUDA	False
ONSITE_EMBEDDINGS	False
HIDDEN_LAYER	20
ONSITE_PROBES	True
LEARNING_RATE	0.001
PROBE_RANK	16
PROBE_CUDA	False
BATCH_SIZE	100
PROBE_SAVEPATH	C:\Program Files\Python311\Lib\site-packages\thehow\dependency_probe\probes
EPOCHS	20
PROBE_LOSS_POW	2
CONLL_ALIAS	wsj
CONLL_PATH	C:\Program Files\Python311\Lib\site-packages\thehow\dependency_probe\datasets\conll\wsj
TRAIN_CONLL_PATH	C:\Program Files\Python311\Lib\site-packages\thehow\dependency_probe\datasets\conll\wsj\en_wsj-ud-train.conllu
DEV_CONLL_PATH	C:\Program Files\Python311\Lib\site-packages\thehow\dependency_probe\datasets\conll\wsj\en_wsj-ud-dev.conllu
TEST_CONLL_PATH	C:\Program Files\Python311\Lib\site-packages\thehow\dependency_probe\datasets\conll\wsj\en_wsj-ud-test.conllu
DEPD_DIRECTED	False
DATASET_PKL_PATH	C:\Program Files\Python311\Lib\site-packages\thehow\dependency_probe\datasets\pkl
REPORTS_PATH	C:\Program Files\Python311\Lib\site-packages\thehow\dependency_probe\reports
METHOD	pairwisedepd
