[Mean spearmanr for sents of len 5-50]
0.8048281318348302

[UUAS]
0.5600118056011019

[SPEARMANR]
sent_len	mean_spearmanr
2	0.9999999999999998
3	0.871286602892811
4	0.7215823651678915
5	0.6660109450753098
6	0.7480824797679231
7	0.7548610323587535
8	0.7320523614732991
9	0.785471266332123
10	0.7766703313561567
11	0.7861511525928135
12	0.8064227057113696
13	0.8255218404202985
14	0.791172281898304
15	0.8049579955739418
16	0.8139654364111599
17	0.8183817208111847
18	0.8187098269126803
19	0.821461812096872
20	0.813785068141518
21	0.8181493418759754
22	0.8192263271366991
23	0.8189330123468064
24	0.8208982994830328
25	0.8259283187668645
26	0.81955073258942
27	0.8263668618941037
28	0.8290028204964172
29	0.824817947128299
30	0.8141945210774364
31	0.8241117744132375
32	0.8271811861932434
33	0.8230261537898291
34	0.8351089403502239
35	0.815691410513927
36	0.8161634140363573
37	0.8194621830298009
38	0.8203290357579797
39	0.8145082535491805
40	0.8204468418720646
41	0.8091084760284795
42	0.8049732974222344
43	0.7995953690636219
44	0.8158407661922287
45	0.8221246548627644
46	0.8176645811993389
47	0.8038775306384518
48	0.7947065616492123
49	0.7686484682726346
50	0.7887787258386205
51	0.8429555948592821
52	0.795375351023343
53	0.8041703489132837
54	0.7593267522414533
55	0.762338913133332
56	0.7155126701807093
57	0.75334829803263
58	0.7536256013407325
59	0.7310595227511344
60	0.4243598382033895
61	0.6899161114870348
62	0.8304299613783382
63	0.8101374320258797
64	0.6649506409494195
65	0.7654336708121009
66	0.7952979072812892
67	0.7046952244633514
69	0.7315533542385536
90	0.5260307669807286
116	0.5509791238976758
118	0.47630989956804815

[EPOCH LOSSES]
0
1
2
3
4
5
6
7
8
9
10
11
12
13
14
15
16
17
18
19

[SETTINGS]
ROOT_PATH	C:\Program Files\Python311\Lib\site-packages\thehow\dependency_probe
MODEL_NAME	bert_large_uncased
MODEL_PATH	D:\transformers\bert\bert_large_uncased
MODEL_NLAYER	24
NDIM_TOKEN_EMBEDDING	1024
MODEL_CUDA	False
ONSITE_EMBEDDINGS	False
HIDDEN_LAYER	17
ONSITE_PROBES	True
LEARNING_RATE	0.001
PROBE_RANK	16
PROBE_CUDA	False
BATCH_SIZE	100
PROBE_SAVEPATH	C:\Program Files\Python311\Lib\site-packages\thehow\dependency_probe\probes
EPOCHS	20
PROBE_LOSS_POW	2
CONLL_ALIAS	wsj
CONLL_PATH	C:\Program Files\Python311\Lib\site-packages\thehow\dependency_probe\datasets\conll\wsj
TRAIN_CONLL_PATH	C:\Program Files\Python311\Lib\site-packages\thehow\dependency_probe\datasets\conll\wsj\en_wsj-ud-train.conllu
DEV_CONLL_PATH	C:\Program Files\Python311\Lib\site-packages\thehow\dependency_probe\datasets\conll\wsj\en_wsj-ud-dev.conllu
TEST_CONLL_PATH	C:\Program Files\Python311\Lib\site-packages\thehow\dependency_probe\datasets\conll\wsj\en_wsj-ud-test.conllu
DEPD_DIRECTED	False
DATASET_PKL_PATH	C:\Program Files\Python311\Lib\site-packages\thehow\dependency_probe\datasets\pkl
REPORTS_PATH	C:\Program Files\Python311\Lib\site-packages\thehow\dependency_probe\reports
METHOD	pairwisedepd
