[Mean spearmanr for sents of len 5-50]
0.7729432650945277

[UUAS]
0.5318532607507488

[SPEARMANR]
sent_len	mean_spearmanr
2	0.9999999999999998
3	0.826241557847766
4	0.7338735024540067
5	0.6604907009939358
6	0.7736176782726788
7	0.7542104599259595
8	0.7617593826716756
9	0.7802781183767193
10	0.7636397483959727
11	0.7815052277994113
12	0.8009110557211272
13	0.8091557211357989
14	0.7699246506080043
15	0.7880337334644203
16	0.7957660815473194
17	0.793671374008602
18	0.790744476273209
19	0.7897815070480043
20	0.7842717343690749
21	0.7926898340956909
22	0.7903919327438285
23	0.7825694441850701
24	0.788810029986139
25	0.7850774022628627
26	0.7786872250512104
27	0.7873279613947005
28	0.7951370676186267
29	0.783971222231661
30	0.7747115162170124
31	0.7851137291666277
32	0.7894476991832621
33	0.7722913810189733
34	0.7952053317011916
35	0.7636837299228026
36	0.7759287162367949
37	0.777530418010624
38	0.7750895175827669
39	0.7687094483735212
40	0.7745177240696804
41	0.7556837969958615
42	0.754354217392301
43	0.7441823427522203
44	0.7629291466634137
45	0.764890684274748
46	0.7667297957128489
47	0.7467055350778434
48	0.7616288442243155
49	0.7129380085654118
50	0.7506948410243552
51	0.7782867826875373
52	0.7731860430439791
53	0.7343128892997716
54	0.6926391560239938
55	0.7214851266337475
56	0.6730244096686281
57	0.6727833710271968
58	0.7142523712318288
59	0.6891116357522015
60	0.3241969660687424
61	0.6162279416297486
62	0.7295640195207495
63	0.7264016643446234
64	0.6075145346992047
65	0.7611752822101945
66	0.7368960593314549
67	0.6387232797643618
69	0.5884405917577693
90	0.45458269574987625
116	0.468727533655196
118	0.43614051955475386

[EPOCH LOSSES]
0
1
2
3
4
5
6
7
8
9
10
11
12
13
14
15
16
17
18
19

[SETTINGS]
ROOT_PATH	C:\Program Files\Python311\Lib\site-packages\thehow\dependency_probe
MODEL_NAME	bert_large_uncased
MODEL_PATH	D:\transformers\bert\bert_large_uncased
MODEL_NLAYER	24
NDIM_TOKEN_EMBEDDING	1024
MODEL_CUDA	False
ONSITE_EMBEDDINGS	False
HIDDEN_LAYER	11
ONSITE_PROBES	True
LEARNING_RATE	0.001
PROBE_RANK	16
PROBE_CUDA	False
BATCH_SIZE	100
PROBE_SAVEPATH	C:\Program Files\Python311\Lib\site-packages\thehow\dependency_probe\probes
EPOCHS	20
PROBE_LOSS_POW	2
CONLL_ALIAS	wsj
CONLL_PATH	C:\Program Files\Python311\Lib\site-packages\thehow\dependency_probe\datasets\conll\wsj
TRAIN_CONLL_PATH	C:\Program Files\Python311\Lib\site-packages\thehow\dependency_probe\datasets\conll\wsj\en_wsj-ud-train.conllu
DEV_CONLL_PATH	C:\Program Files\Python311\Lib\site-packages\thehow\dependency_probe\datasets\conll\wsj\en_wsj-ud-dev.conllu
TEST_CONLL_PATH	C:\Program Files\Python311\Lib\site-packages\thehow\dependency_probe\datasets\conll\wsj\en_wsj-ud-test.conllu
DEPD_DIRECTED	False
DATASET_PKL_PATH	C:\Program Files\Python311\Lib\site-packages\thehow\dependency_probe\datasets\pkl
REPORTS_PATH	C:\Program Files\Python311\Lib\site-packages\thehow\dependency_probe\reports
METHOD	pairwisedepd
