[Mean spearmanr for sents of len 5-50]
0.7226256176234835

[UUAS]
0.4883037100194574

[SPEARMANR]
sent_len	mean_spearmanr
2	0.9999999999999998
3	0.8577730893792975
4	0.7331007516913001
5	0.6532983086911782
6	0.7129756527715149
7	0.7060785792813101
8	0.710377523125839
9	0.715024704118407
10	0.7206260517580266
11	0.7293440298967216
12	0.7393812006625289
13	0.7418361031172619
14	0.7190128231060368
15	0.7327761233946416
16	0.745679292419825
17	0.7384164013317537
18	0.7342033342032934
19	0.7337522448768965
20	0.7354700371991845
21	0.7374640914989283
22	0.741749372263452
23	0.7341118525143212
24	0.7367371002562498
25	0.7282321039060459
26	0.7236054458477004
27	0.734399184310954
28	0.7381695554634062
29	0.7308451640788561
30	0.7218881517309997
31	0.7358501473363109
32	0.7363361779742709
33	0.7225225219593254
34	0.7463648453904965
35	0.7103084425767691
36	0.7304201344245925
37	0.729830958784547
38	0.7195316277362948
39	0.7092893608891111
40	0.7228975855552576
41	0.7013591100698586
42	0.7088329509441811
43	0.699980012983127
44	0.7237772340083147
45	0.7243749613061032
46	0.7239622123527473
47	0.7046217779546714
48	0.7118357177123144
49	0.6743548923441999
50	0.7088733065524117
51	0.734859518037336
52	0.7422391613469229
53	0.6978094433739874
54	0.6507772126752553
55	0.6994344981425384
56	0.6387638263429681
57	0.6284145505495013
58	0.6674372061808034
59	0.6811822959133911
60	0.32284533994113335
61	0.5945935410798462
62	0.6872194188590413
63	0.6508403833594327
64	0.5613738921077384
65	0.7273167607399211
66	0.6932906557448034
67	0.5917147170614612
69	0.5238669374656291
90	0.35945598044610505
116	0.32805253592723616
118	0.40774090077492836

[EPOCH LOSSES]
0
1
2
3
4
5
6
7
8
9
10
11
12
13
14
15
16
17
18
19

[SETTINGS]
ROOT_PATH	C:\Program Files\Python311\Lib\site-packages\thehow\dependency_probe
MODEL_NAME	bert_large_uncased
MODEL_PATH	D:\transformers\bert\bert_large_uncased
MODEL_NLAYER	24
NDIM_TOKEN_EMBEDDING	1024
MODEL_CUDA	False
ONSITE_EMBEDDINGS	False
HIDDEN_LAYER	5
ONSITE_PROBES	True
LEARNING_RATE	0.001
PROBE_RANK	16
PROBE_CUDA	False
BATCH_SIZE	100
PROBE_SAVEPATH	C:\Program Files\Python311\Lib\site-packages\thehow\dependency_probe\probes
EPOCHS	20
PROBE_LOSS_POW	2
CONLL_ALIAS	wsj
CONLL_PATH	C:\Program Files\Python311\Lib\site-packages\thehow\dependency_probe\datasets\conll\wsj
TRAIN_CONLL_PATH	C:\Program Files\Python311\Lib\site-packages\thehow\dependency_probe\datasets\conll\wsj\en_wsj-ud-train.conllu
DEV_CONLL_PATH	C:\Program Files\Python311\Lib\site-packages\thehow\dependency_probe\datasets\conll\wsj\en_wsj-ud-dev.conllu
TEST_CONLL_PATH	C:\Program Files\Python311\Lib\site-packages\thehow\dependency_probe\datasets\conll\wsj\en_wsj-ud-test.conllu
DEPD_DIRECTED	False
DATASET_PKL_PATH	C:\Program Files\Python311\Lib\site-packages\thehow\dependency_probe\datasets\pkl
REPORTS_PATH	C:\Program Files\Python311\Lib\site-packages\thehow\dependency_probe\reports
METHOD	pairwisedepd
