[Mean spearmanr for sents of len 5-50]
0.6581498738103663

[UUAS]
0.4547014713276929

[SPEARMANR]
sent_len	mean_spearmanr
2	0.9999999999999998
3	0.808223539829748
4	0.6773729084760122
5	0.6343993640141001
6	0.6875792155529118
7	0.6647679579018897
8	0.6435336445300184
9	0.6843883425374754
10	0.6681804702693356
11	0.6664482349102887
12	0.6674361272482735
13	0.6844175196593515
14	0.6637214273100989
15	0.6681656838568558
16	0.6588719142688275
17	0.6654442850042948
18	0.6689359782751161
19	0.6688983531790772
20	0.6583305135743927
21	0.6669587092537534
22	0.6536646457999757
23	0.6597696975045838
24	0.6605618529381719
25	0.6644656588492264
26	0.668847181882057
27	0.6620029400222881
28	0.6624222141363022
29	0.659347333058112
30	0.6414269717659286
31	0.6710804999948452
32	0.6724316244132417
33	0.6727243176102028
34	0.6727415513625528
35	0.6425507114850356
36	0.6545029162165732
37	0.6475884428047061
38	0.6363278839503437
39	0.6560667933169092
40	0.6664686200925898
41	0.6356759173397982
42	0.660586689633163
43	0.6399025770084167
44	0.6590544738808192
45	0.6601893147111751
46	0.6535624192870814
47	0.6431683412675012
48	0.6352595294424651
49	0.6209616254717526
50	0.6210637086849704
51	0.6729694838365025
52	0.6461266253618262
53	0.6458432198913753
54	0.5938695360771963
55	0.6106225742957004
56	0.5877245765768497
57	0.6354741770710898
58	0.5998739467030161
59	0.5581561290513404
60	0.3510111193250148
61	0.5786878397011442
62	0.6665172903415977
63	0.5725821403011866
64	0.5354363516007566
65	0.6482907257694547
66	0.6283740276985949
67	0.5724411471308795
69	0.6019285703558568
90	0.49356033961081996
116	0.4177278025391462
118	0.3723006160555935

[EPOCH LOSSES]
0
1
2
3
4
5
6
7
8
9
10
11
12
13
14
15
16
17
18
19

[SETTINGS]
ROOT_PATH	C:\Program Files\Python311\Lib\site-packages\thehow\dependency_probe
MODEL_NAME	bert_large_uncased
MODEL_PATH	D:\transformers\bert\bert_large_uncased
MODEL_NLAYER	24
NDIM_TOKEN_EMBEDDING	1024
MODEL_CUDA	False
ONSITE_EMBEDDINGS	False
HIDDEN_LAYER	22
ONSITE_PROBES	True
LEARNING_RATE	0.001
PROBE_RANK	16
PROBE_CUDA	False
BATCH_SIZE	100
PROBE_SAVEPATH	C:\Program Files\Python311\Lib\site-packages\thehow\dependency_probe\probes
EPOCHS	20
PROBE_LOSS_POW	2
CONLL_ALIAS	wsj
CONLL_PATH	C:\Program Files\Python311\Lib\site-packages\thehow\dependency_probe\datasets\conll\wsj
TRAIN_CONLL_PATH	C:\Program Files\Python311\Lib\site-packages\thehow\dependency_probe\datasets\conll\wsj\en_wsj-ud-train.conllu
DEV_CONLL_PATH	C:\Program Files\Python311\Lib\site-packages\thehow\dependency_probe\datasets\conll\wsj\en_wsj-ud-dev.conllu
TEST_CONLL_PATH	C:\Program Files\Python311\Lib\site-packages\thehow\dependency_probe\datasets\conll\wsj\en_wsj-ud-test.conllu
DEPD_DIRECTED	False
DATASET_PKL_PATH	C:\Program Files\Python311\Lib\site-packages\thehow\dependency_probe\datasets\pkl
REPORTS_PATH	C:\Program Files\Python311\Lib\site-packages\thehow\dependency_probe\reports
METHOD	pairwisedepd
