[Mean spearmanr for sents of len 5-50]
0.8053140112942024

[UUAS]
0.566985855140902

[SPEARMANR]
sent_len	mean_spearmanr
2	0.9999999999999998
3	0.817232548838757
4	0.7416272727153101
5	0.7162708673922266
6	0.7829706573769202
7	0.7860614311346272
8	0.7788935377360134
9	0.798352338685447
10	0.7955785995059923
11	0.8080710179966814
12	0.8233067878288591
13	0.8387362237642416
14	0.8008376573342312
15	0.8167180003572717
16	0.8218020133087945
17	0.8243027258081682
18	0.8235041922597501
19	0.8196304663120749
20	0.8146115679325805
21	0.8199709932979934
22	0.818162319864285
23	0.8182914823043224
24	0.8222460250877953
25	0.8221325764327404
26	0.8115568370678051
27	0.8180368633106113
28	0.8255561892332162
29	0.8188588509144719
30	0.807669878218987
31	0.8169383700776648
32	0.8187101836013645
33	0.808374244413785
34	0.8280623903014277
35	0.8033124597675049
36	0.8101151890876894
37	0.808597342776297
38	0.8122666136846151
39	0.8051168512456978
40	0.8112256583885619
41	0.7948715023734957
42	0.792194299566174
43	0.7801007303123473
44	0.7950504787495138
45	0.8061512417538907
46	0.8004028355128967
47	0.7912837767848105
48	0.7962121146146531
49	0.7459621877178321
50	0.7873659483369875
51	0.8178412725013252
52	0.8051824940696564
53	0.7657160097568273
54	0.7241489422228611
55	0.741736694719677
56	0.7014806976469063
57	0.7269353835567728
58	0.7584000170446888
59	0.7171804563187689
60	0.3713278496461935
61	0.6476115014054558
62	0.76425116846089
63	0.7820357167686569
64	0.6507053126093507
65	0.7921532671091038
66	0.7966365341539708
67	0.6864732385634659
69	0.665352856187027
90	0.4937157391266817
116	0.5179581570158436
118	0.4496496907412828

[EPOCH LOSSES]
0
1
2
3
4
5
6
7
8
9
10
11
12
13
14
15
16
17
18
19

[SETTINGS]
ROOT_PATH	C:\Program Files\Python311\Lib\site-packages\thehow\dependency_probe
MODEL_NAME	bert_large_uncased
MODEL_PATH	D:\transformers\bert\bert_large_uncased
MODEL_NLAYER	24
NDIM_TOKEN_EMBEDDING	1024
MODEL_CUDA	False
ONSITE_EMBEDDINGS	False
HIDDEN_LAYER	13
ONSITE_PROBES	True
LEARNING_RATE	0.001
PROBE_RANK	16
PROBE_CUDA	False
BATCH_SIZE	100
PROBE_SAVEPATH	C:\Program Files\Python311\Lib\site-packages\thehow\dependency_probe\probes
EPOCHS	20
PROBE_LOSS_POW	2
CONLL_ALIAS	wsj
CONLL_PATH	C:\Program Files\Python311\Lib\site-packages\thehow\dependency_probe\datasets\conll\wsj
TRAIN_CONLL_PATH	C:\Program Files\Python311\Lib\site-packages\thehow\dependency_probe\datasets\conll\wsj\en_wsj-ud-train.conllu
DEV_CONLL_PATH	C:\Program Files\Python311\Lib\site-packages\thehow\dependency_probe\datasets\conll\wsj\en_wsj-ud-dev.conllu
TEST_CONLL_PATH	C:\Program Files\Python311\Lib\site-packages\thehow\dependency_probe\datasets\conll\wsj\en_wsj-ud-test.conllu
DEPD_DIRECTED	False
DATASET_PKL_PATH	C:\Program Files\Python311\Lib\site-packages\thehow\dependency_probe\datasets\pkl
REPORTS_PATH	C:\Program Files\Python311\Lib\site-packages\thehow\dependency_probe\reports
METHOD	pairwisedepd
