[Mean spearmanr for sents of len 5-50]
0.7085709014595056

[UUAS]
0.46350101659342824

[SPEARMANR]
sent_len	mean_spearmanr
2	0.9999999999999998
3	0.8667820983883066
4	0.7591789590132298
5	0.6856756783598187
6	0.712401909268195
7	0.7012645570905138
8	0.6810462163198816
9	0.7008548058239128
10	0.7124014990743754
11	0.7027161647796136
12	0.7256348485915868
13	0.7219147769507028
14	0.7035173364030547
15	0.7148157324344147
16	0.7244227877145235
17	0.7216660407096769
18	0.7158498246441145
19	0.7135752721548104
20	0.7220600233070217
21	0.7201005290542299
22	0.7218820098782741
23	0.7165970154527319
24	0.721680222590684
25	0.7059402490911153
26	0.7047484122323944
27	0.7168370808337535
28	0.7247578705355218
29	0.7194962634179518
30	0.7052668501425577
31	0.7207232684876363
32	0.7185388383610822
33	0.7062022896468569
34	0.7284675818105891
35	0.6911381550154178
36	0.7169941986371791
37	0.7155214226546854
38	0.7064721170448056
39	0.697174700183098
40	0.7066974078007466
41	0.6812450400216989
42	0.697552483915577
43	0.6811327004912833
44	0.7177283192929316
45	0.7169840171475953
46	0.7113794090971448
47	0.688117279137098
48	0.707260111916715
49	0.6657743778914639
50	0.702033771728226
51	0.7202028365626029
52	0.7203542018117433
53	0.6880857845253603
54	0.6314999579226244
55	0.6890511385247508
56	0.631817151604705
57	0.6209398163357103
58	0.6655265200558641
59	0.6747168239176935
60	0.3169257545461967
61	0.5892778949693089
62	0.7019917795369521
63	0.6107042194175204
64	0.5805508065437743
65	0.6905013380483359
66	0.6913679213399618
67	0.5840217812790471
69	0.4917038787175213
90	0.3305651354932342
116	0.24459445976677835
118	0.2861411558797778

[EPOCH LOSSES]
0
1
2
3
4
5
6
7
8
9
10
11
12
13
14
15
16
17
18
19

[SETTINGS]
ROOT_PATH	C:\Program Files\Python311\Lib\site-packages\thehow\dependency_probe
MODEL_NAME	bert_large_uncased
MODEL_PATH	D:\transformers\bert\bert_large_uncased
MODEL_NLAYER	24
NDIM_TOKEN_EMBEDDING	1024
MODEL_CUDA	False
ONSITE_EMBEDDINGS	False
HIDDEN_LAYER	3
ONSITE_PROBES	True
LEARNING_RATE	0.001
PROBE_RANK	16
PROBE_CUDA	False
BATCH_SIZE	100
PROBE_SAVEPATH	C:\Program Files\Python311\Lib\site-packages\thehow\dependency_probe\probes
EPOCHS	20
PROBE_LOSS_POW	2
CONLL_ALIAS	wsj
CONLL_PATH	C:\Program Files\Python311\Lib\site-packages\thehow\dependency_probe\datasets\conll\wsj
TRAIN_CONLL_PATH	C:\Program Files\Python311\Lib\site-packages\thehow\dependency_probe\datasets\conll\wsj\en_wsj-ud-train.conllu
DEV_CONLL_PATH	C:\Program Files\Python311\Lib\site-packages\thehow\dependency_probe\datasets\conll\wsj\en_wsj-ud-dev.conllu
TEST_CONLL_PATH	C:\Program Files\Python311\Lib\site-packages\thehow\dependency_probe\datasets\conll\wsj\en_wsj-ud-test.conllu
DEPD_DIRECTED	False
DATASET_PKL_PATH	C:\Program Files\Python311\Lib\site-packages\thehow\dependency_probe\datasets\pkl
REPORTS_PATH	C:\Program Files\Python311\Lib\site-packages\thehow\dependency_probe\reports
METHOD	pairwisedepd
