[Mean spearmanr for sents of len 5-50]
0.8109102476096226

[UUAS]
0.566045779497606

[SPEARMANR]
sent_len	mean_spearmanr
2	0.9999999999999998
3	0.844259575865784
4	0.7743496929301971
5	0.7123126097281336
6	0.7724330001757187
7	0.7872867873154714
8	0.7637705923557191
9	0.802208722015096
10	0.7952004117067126
11	0.8109408273489096
12	0.8203296587709876
13	0.8313687695033825
14	0.7981248785632731
15	0.812550616429826
16	0.8215268634476549
17	0.8282176441251059
18	0.8254961212064158
19	0.8228906155042538
20	0.8189578394695036
21	0.8224962056359959
22	0.8256014132270874
23	0.8231883976929248
24	0.827867350453233
25	0.8329998369195387
26	0.821748271918715
27	0.828234333319494
28	0.8341477683154959
29	0.8250454132381371
30	0.8135939913202616
31	0.8288179138769719
32	0.8271505969545755
33	0.8267163388223213
34	0.8373619813452595
35	0.8126643557316874
36	0.8179927008554222
37	0.8193869170282518
38	0.8213833251404336
39	0.8168273409855011
40	0.8187613388273335
41	0.8029555260069089
42	0.8079989825836195
43	0.793973850166999
44	0.8091098896724666
45	0.8222241332820721
46	0.814292067245384
47	0.7974580274937723
48	0.807213462029775
49	0.7533838905022742
50	0.7876598117845678
51	0.8417414028398519
52	0.8070017554982231
53	0.7911317576565935
54	0.7488607752819838
55	0.7492951438268071
56	0.7134262050569309
57	0.7457363512312171
58	0.7599158306509949
59	0.7391916889696806
60	0.39646817283539837
61	0.669907725884786
62	0.8150386308810963
63	0.811624089082862
64	0.65601452927075
65	0.7626907763387428
66	0.7973395829112941
67	0.6988402338580921
69	0.7109338826549186
90	0.4923883601980916
116	0.5094563619598381
118	0.46583185567958485

[EPOCH LOSSES]
0
1
2
3
4
5
6
7
8
9
10
11
12
13
14
15
16
17
18
19

[SETTINGS]
ROOT_PATH	C:\Program Files\Python311\Lib\site-packages\thehow\dependency_probe
MODEL_NAME	bert_large_uncased
MODEL_PATH	D:\transformers\bert\bert_large_uncased
MODEL_NLAYER	24
NDIM_TOKEN_EMBEDDING	1024
MODEL_CUDA	False
ONSITE_EMBEDDINGS	False
HIDDEN_LAYER	15
ONSITE_PROBES	True
LEARNING_RATE	0.001
PROBE_RANK	16
PROBE_CUDA	False
BATCH_SIZE	100
PROBE_SAVEPATH	C:\Program Files\Python311\Lib\site-packages\thehow\dependency_probe\probes
EPOCHS	20
PROBE_LOSS_POW	2
CONLL_ALIAS	wsj
CONLL_PATH	C:\Program Files\Python311\Lib\site-packages\thehow\dependency_probe\datasets\conll\wsj
TRAIN_CONLL_PATH	C:\Program Files\Python311\Lib\site-packages\thehow\dependency_probe\datasets\conll\wsj\en_wsj-ud-train.conllu
DEV_CONLL_PATH	C:\Program Files\Python311\Lib\site-packages\thehow\dependency_probe\datasets\conll\wsj\en_wsj-ud-dev.conllu
TEST_CONLL_PATH	C:\Program Files\Python311\Lib\site-packages\thehow\dependency_probe\datasets\conll\wsj\en_wsj-ud-test.conllu
DEPD_DIRECTED	False
DATASET_PKL_PATH	C:\Program Files\Python311\Lib\site-packages\thehow\dependency_probe\datasets\pkl
REPORTS_PATH	C:\Program Files\Python311\Lib\site-packages\thehow\dependency_probe\reports
METHOD	pairwisedepd
