[Mean spearmanr for sents of len 5-50]
0.8091764141510586

[UUAS]
0.5663518506372839

[SPEARMANR]
sent_len	mean_spearmanr
2	0.9999999999999998
3	0.835250566856775
4	0.7707782643587687
5	0.713157583210572
6	0.7753219314172516
7	0.7818757095846033
8	0.7745837252262368
9	0.8027627764866865
10	0.7937723378276407
11	0.8104225152350719
12	0.8248886386682963
13	0.8364686073112588
14	0.7995534477075076
15	0.8178027586594637
16	0.8193586129783141
17	0.8274160535644016
18	0.8231093360960073
19	0.8227622280556851
20	0.8189995842251481
21	0.8204932244856141
22	0.825524826619761
23	0.8238005830440092
24	0.8264410882822693
25	0.8294895191695921
26	0.8169694509447074
27	0.8242402657598056
28	0.829957920392807
29	0.823423143863375
30	0.8111038388303072
31	0.8246351803443477
32	0.8225022230465296
33	0.8176654852406124
34	0.8339227126526645
35	0.8102961803922122
36	0.8150347167246599
37	0.8151335847168365
38	0.8166550315462481
39	0.8130685335934172
40	0.8154311884841602
41	0.7971609663011553
42	0.8025325962196149
43	0.786853642423585
44	0.8047777350279641
45	0.814399288555662
46	0.8103662398580768
47	0.7997435001113484
48	0.8006633900711152
49	0.7537427579719043
50	0.7938303900201864
51	0.8313817134881645
52	0.8111575850305258
53	0.7810416201217728
54	0.7424107188561424
55	0.7490410555770226
56	0.716806001802063
57	0.7443037119279187
58	0.7721466036542234
59	0.7367381989993536
60	0.39278690209087624
61	0.6616904165811237
62	0.7999047940752301
63	0.8033593176876053
64	0.6518212034506372
65	0.7807022246286088
66	0.7938313496678033
67	0.6923533214421974
69	0.6712658178159537
90	0.5044317113209108
116	0.5123106809812623
118	0.4715272518417186

[EPOCH LOSSES]
0
1
2
3
4
5
6
7
8
9
10
11
12
13
14
15
16
17
18
19

[SETTINGS]
ROOT_PATH	C:\Program Files\Python311\Lib\site-packages\thehow\dependency_probe
MODEL_NAME	bert_large_uncased
MODEL_PATH	D:\transformers\bert\bert_large_uncased
MODEL_NLAYER	24
NDIM_TOKEN_EMBEDDING	1024
MODEL_CUDA	False
ONSITE_EMBEDDINGS	False
HIDDEN_LAYER	14
ONSITE_PROBES	True
LEARNING_RATE	0.001
PROBE_RANK	16
PROBE_CUDA	False
BATCH_SIZE	100
PROBE_SAVEPATH	C:\Program Files\Python311\Lib\site-packages\thehow\dependency_probe\probes
EPOCHS	20
PROBE_LOSS_POW	2
CONLL_ALIAS	wsj
CONLL_PATH	C:\Program Files\Python311\Lib\site-packages\thehow\dependency_probe\datasets\conll\wsj
TRAIN_CONLL_PATH	C:\Program Files\Python311\Lib\site-packages\thehow\dependency_probe\datasets\conll\wsj\en_wsj-ud-train.conllu
DEV_CONLL_PATH	C:\Program Files\Python311\Lib\site-packages\thehow\dependency_probe\datasets\conll\wsj\en_wsj-ud-dev.conllu
TEST_CONLL_PATH	C:\Program Files\Python311\Lib\site-packages\thehow\dependency_probe\datasets\conll\wsj\en_wsj-ud-test.conllu
DEPD_DIRECTED	False
DATASET_PKL_PATH	C:\Program Files\Python311\Lib\site-packages\thehow\dependency_probe\datasets\pkl
REPORTS_PATH	C:\Program Files\Python311\Lib\site-packages\thehow\dependency_probe\reports
METHOD	pairwisedepd
