[Mean spearmanr for sents of len 5-50]
0.7002869119137027

[UUAS]
0.4696333704991146

[SPEARMANR]
sent_len	mean_spearmanr
2	0.9999999999999998
3	0.8667820983883066
4	0.7513442699297963
5	0.6783461265963612
6	0.7285278883012174
7	0.6870482719212344
8	0.692307009716575
9	0.6863296344601126
10	0.6979174152647769
11	0.6896249279090488
12	0.7157945528092581
13	0.7146320344424619
14	0.6965325004570262
15	0.7072765581942444
16	0.7152153225235183
17	0.7147945360286897
18	0.7096941085172369
19	0.7064660389437913
20	0.7152275699375201
21	0.7112522931606727
22	0.7146853280745114
23	0.709724006377023
24	0.7145374639347712
25	0.6986900496293833
26	0.6978780986416525
27	0.7062804279073441
28	0.7163106343392283
29	0.7103034674206238
30	0.6959249524338414
31	0.7089439210246651
32	0.7061839980128267
33	0.6961937727410762
34	0.7203350650632907
35	0.6804359056211065
36	0.7083490947646359
37	0.7049055743456899
38	0.6948811589230276
39	0.6856172454369498
40	0.6998716245116018
41	0.6734248656522306
42	0.6911100901537008
43	0.673497225163283
44	0.7103068856354454
45	0.7010010963476183
46	0.700576135957167
47	0.6808615184258395
48	0.6973350056872384
49	0.6562798060569679
50	0.6917667405638398
51	0.715801999906721
52	0.7153201436240463
53	0.6686006594429469
54	0.6271389260018659
55	0.6862406975183055
56	0.6239354321143197
57	0.6261481299885399
58	0.6702635458467162
59	0.6585328170388473
60	0.30840966807762377
61	0.5735144898729347
62	0.6722627179713763
63	0.6285819846773483
64	0.5616457127309807
65	0.6796861179049412
66	0.6927203314742222
67	0.5894746587771581
69	0.4866932512992808
90	0.2867701524594595
116	0.2537789707539272
118	0.27650512444035824

[EPOCH LOSSES]
0
1
2
3
4
5
6
7
8
9
10
11
12
13
14
15
16
17
18
19

[SETTINGS]
ROOT_PATH	C:\Program Files\Python311\Lib\site-packages\thehow\dependency_probe
MODEL_NAME	bert_large_uncased
MODEL_PATH	D:\transformers\bert\bert_large_uncased
MODEL_NLAYER	24
NDIM_TOKEN_EMBEDDING	1024
MODEL_CUDA	False
ONSITE_EMBEDDINGS	False
HIDDEN_LAYER	2
ONSITE_PROBES	True
LEARNING_RATE	0.001
PROBE_RANK	16
PROBE_CUDA	False
BATCH_SIZE	100
PROBE_SAVEPATH	C:\Program Files\Python311\Lib\site-packages\thehow\dependency_probe\probes
EPOCHS	20
PROBE_LOSS_POW	2
CONLL_ALIAS	wsj
CONLL_PATH	C:\Program Files\Python311\Lib\site-packages\thehow\dependency_probe\datasets\conll\wsj
TRAIN_CONLL_PATH	C:\Program Files\Python311\Lib\site-packages\thehow\dependency_probe\datasets\conll\wsj\en_wsj-ud-train.conllu
DEV_CONLL_PATH	C:\Program Files\Python311\Lib\site-packages\thehow\dependency_probe\datasets\conll\wsj\en_wsj-ud-dev.conllu
TEST_CONLL_PATH	C:\Program Files\Python311\Lib\site-packages\thehow\dependency_probe\datasets\conll\wsj\en_wsj-ud-test.conllu
DEPD_DIRECTED	False
DATASET_PKL_PATH	C:\Program Files\Python311\Lib\site-packages\thehow\dependency_probe\datasets\pkl
REPORTS_PATH	C:\Program Files\Python311\Lib\site-packages\thehow\dependency_probe\reports
METHOD	pairwisedepd
