[Mean spearmanr for sents of len 5-50]
0.6384427565058408

[UUAS]
0.4474978684331344

[SPEARMANR]
sent_len	mean_spearmanr
2	0.9999999999999998
3	0.817232548838757
4	0.7338735024540067
5	0.659702444788427
6	0.686845627938919
7	0.6492647778671428
8	0.6280856026129503
9	0.6714752992362775
10	0.6536306538561713
11	0.6504850168021432
12	0.6575137449649177
13	0.6651205909110928
14	0.653562013937639
15	0.6447291617204682
16	0.6480684886935765
17	0.6434963429400882
18	0.6524965253834998
19	0.6467049928862665
20	0.6418893042893483
21	0.6447928490493835
22	0.6313746826492833
23	0.6326969573603696
24	0.6385056460251491
25	0.6398220364241811
26	0.6393791505990877
27	0.6356390006231251
28	0.6405259451736849
29	0.6384289011801589
30	0.6157570958613074
31	0.6460183874781102
32	0.6479809621335906
33	0.6478211974020817
34	0.6465843153992478
35	0.6196352789329517
36	0.6325154194660636
37	0.6255003253506021
38	0.6124228315354473
39	0.6307053928975302
40	0.6385226414514947
41	0.6139452625454405
42	0.6366131060993955
43	0.6259053504326934
44	0.6389744983607101
45	0.635448960376558
46	0.6361089820487168
47	0.6261185598192766
48	0.603300545996446
49	0.5993076390823605
50	0.5949442886853028
51	0.6439908326949774
52	0.6155587693308868
53	0.6232247794703105
54	0.5684064404669897
55	0.59283914306546
56	0.5690940520318326
57	0.6118774847556059
58	0.5737817814316768
59	0.5382362351869198
60	0.31479295085595094
61	0.5857691928758182
62	0.6347645968805697
63	0.5195462613963737
64	0.5081766063186055
65	0.6046596499171439
66	0.620939560413999
67	0.5543348464541801
69	0.5981844871531642
90	0.46947868312508567
116	0.40092201031898805
118	0.3774543705181283

[EPOCH LOSSES]
0
1
2
3
4
5
6
7
8
9
10
11
12
13
14
15
16
17
18
19

[SETTINGS]
ROOT_PATH	C:\Program Files\Python311\Lib\site-packages\thehow\dependency_probe
MODEL_NAME	bert_large_uncased
MODEL_PATH	D:\transformers\bert\bert_large_uncased
MODEL_NLAYER	24
NDIM_TOKEN_EMBEDDING	1024
MODEL_CUDA	False
ONSITE_EMBEDDINGS	False
HIDDEN_LAYER	24
ONSITE_PROBES	True
LEARNING_RATE	0.001
PROBE_RANK	16
PROBE_CUDA	False
BATCH_SIZE	100
PROBE_SAVEPATH	C:\Program Files\Python311\Lib\site-packages\thehow\dependency_probe\probes
EPOCHS	20
PROBE_LOSS_POW	2
CONLL_ALIAS	wsj
CONLL_PATH	C:\Program Files\Python311\Lib\site-packages\thehow\dependency_probe\datasets\conll\wsj
TRAIN_CONLL_PATH	C:\Program Files\Python311\Lib\site-packages\thehow\dependency_probe\datasets\conll\wsj\en_wsj-ud-train.conllu
DEV_CONLL_PATH	C:\Program Files\Python311\Lib\site-packages\thehow\dependency_probe\datasets\conll\wsj\en_wsj-ud-dev.conllu
TEST_CONLL_PATH	C:\Program Files\Python311\Lib\site-packages\thehow\dependency_probe\datasets\conll\wsj\en_wsj-ud-test.conllu
DEPD_DIRECTED	False
DATASET_PKL_PATH	C:\Program Files\Python311\Lib\site-packages\thehow\dependency_probe\datasets\pkl
REPORTS_PATH	C:\Program Files\Python311\Lib\site-packages\thehow\dependency_probe\reports
METHOD	pairwisedepd
