[Mean spearmanr for sents of len 5-50]
0.7254758847813372

[UUAS]
0.47887016025010387

[SPEARMANR]
sent_len	mean_spearmanr
2	0.9999999999999998
3	0.8397550713612796
4	0.7281456592387188
5	0.7173775556083465
6	0.7277048591303364
7	0.7176762362141663
8	0.7074029598326095
9	0.7132946810676694
10	0.7265166940117257
11	0.7246430078302815
12	0.7451734043427946
13	0.7391306226437013
14	0.7207664976988908
15	0.7332600341900619
16	0.7446377245790448
17	0.7373161757977739
18	0.7325344368519211
19	0.7299061309638695
20	0.7369109624759527
21	0.7372925010400612
22	0.7406579119709081
23	0.7352498185483931
24	0.7406770996222315
25	0.7251244346370076
26	0.7216327719129059
27	0.7340713370207784
28	0.7387655428470135
29	0.732231274724404
30	0.722157973481625
31	0.7390200080480016
32	0.7331787560028986
33	0.7206402359154952
34	0.7478366423623082
35	0.7107518961352499
36	0.7340722459632686
37	0.7303105876548912
38	0.7219784626153329
39	0.7139567307793108
40	0.7226355281829842
41	0.70118941676749
42	0.7122779757420004
43	0.6993360093255337
44	0.7300386994942806
45	0.7269381284522684
46	0.7280022976440805
47	0.7036031324640639
48	0.7253959225120216
49	0.67596425435493
50	0.712651120480623
51	0.7313586667237119
52	0.7400028654396886
53	0.7034862662444724
54	0.6509202396842214
55	0.6985250542998661
56	0.6476985813784263
57	0.6399162696056679
58	0.6725926782707091
59	0.6864137164067053
60	0.33493463257097456
61	0.6064869269380773
62	0.6924312091640361
63	0.6477584588449712
64	0.5816441796791529
65	0.7244346547848156
66	0.702946655262296
67	0.5810065057929312
69	0.5208867034421546
90	0.3678557008206447
116	0.30651004861003905
118	0.37057142382363617

[EPOCH LOSSES]
0
1
2
3
4
5
6
7
8
9
10
11
12
13
14
15
16
17
18
19

[SETTINGS]
ROOT_PATH	C:\Program Files\Python311\Lib\site-packages\thehow\dependency_probe
MODEL_NAME	bert_large_uncased
MODEL_PATH	D:\transformers\bert\bert_large_uncased
MODEL_NLAYER	24
NDIM_TOKEN_EMBEDDING	1024
MODEL_CUDA	False
ONSITE_EMBEDDINGS	False
HIDDEN_LAYER	4
ONSITE_PROBES	True
LEARNING_RATE	0.001
PROBE_RANK	16
PROBE_CUDA	False
BATCH_SIZE	100
PROBE_SAVEPATH	C:\Program Files\Python311\Lib\site-packages\thehow\dependency_probe\probes
EPOCHS	20
PROBE_LOSS_POW	2
CONLL_ALIAS	wsj
CONLL_PATH	C:\Program Files\Python311\Lib\site-packages\thehow\dependency_probe\datasets\conll\wsj
TRAIN_CONLL_PATH	C:\Program Files\Python311\Lib\site-packages\thehow\dependency_probe\datasets\conll\wsj\en_wsj-ud-train.conllu
DEV_CONLL_PATH	C:\Program Files\Python311\Lib\site-packages\thehow\dependency_probe\datasets\conll\wsj\en_wsj-ud-dev.conllu
TEST_CONLL_PATH	C:\Program Files\Python311\Lib\site-packages\thehow\dependency_probe\datasets\conll\wsj\en_wsj-ud-test.conllu
DEPD_DIRECTED	False
DATASET_PKL_PATH	C:\Program Files\Python311\Lib\site-packages\thehow\dependency_probe\datasets\pkl
REPORTS_PATH	C:\Program Files\Python311\Lib\site-packages\thehow\dependency_probe\reports
METHOD	pairwisedepd
