[Mean spearmanr for sents of len 5-50]
0.5986659679347633

[UUAS]
0.2398613934981745

[SPEARMANR]
sent_len	mean_spearmanr
2	0.9999999999999998
3	0.8532685848747931
4	0.7231905667861374
5	0.6328976577580512
6	0.5656717841284465
7	0.5563431479339777
8	0.526760539173043
9	0.5172076820061595
10	0.5130298991785389
11	0.5299822576448202
12	0.5421622453800865
13	0.5656197720269759
14	0.5497754685444286
15	0.5846835685628741
16	0.5934776419760714
17	0.586264602766057
18	0.5886530275735538
19	0.5964624891283379
20	0.598570584926109
21	0.6035673403068614
22	0.6081983020093245
23	0.611323476388794
24	0.6103747983781557
25	0.5988005511345706
26	0.6044846261341539
27	0.6224988039993663
28	0.6238811147294706
29	0.6167796554398267
30	0.617731001796498
31	0.6386795713393371
32	0.6293220442484805
33	0.627224413539477
34	0.6479523801753863
35	0.6092821909854019
36	0.6361252314367986
37	0.6287189659487105
38	0.6225956939789503
39	0.6058688067530468
40	0.6325518817100613
41	0.6033467556164
42	0.6150941554055982
43	0.5924383550549555
44	0.6317193665199121
45	0.6367796413708063
46	0.621293698870365
47	0.5987764502818517
48	0.5968716779776286
49	0.5950639312501903
50	0.6037272735112051
51	0.6293239823907298
52	0.6733339005711785
53	0.6056661021928289
54	0.511011541111199
55	0.6248781471152368
56	0.5309896047148622
57	0.4906907658826369
58	0.6114866717637759
59	0.5723611220139981
60	0.17054685318628018
61	0.44617397342000625
62	0.6678792589122594
63	0.5836541569270588
64	0.4360293704656409
65	0.6269945091676644
66	0.5840275060067799
67	0.4283722351037365
69	0.39920231606456236
90	0.2325177207581168
116	0.1632571807300511
118	0.1555838062165511

[EPOCH LOSSES]
0
1
2
3
4
5
6
7
8
9
10
11
12
13
14
15
16
17
18
19

[SETTINGS]
ROOT_PATH	C:\Program Files\Python311\Lib\site-packages\thehow\dependency_probe
MODEL_NAME	bert_large_uncased
MODEL_PATH	D:\transformers\bert\bert_large_uncased
MODEL_NLAYER	24
NDIM_TOKEN_EMBEDDING	1024
MODEL_CUDA	False
ONSITE_EMBEDDINGS	False
HIDDEN_LAYER	7
ONSITE_PROBES	True
LEARNING_RATE	0.001
PROBE_RANK	1
PROBE_CUDA	False
BATCH_SIZE	100
PROBE_SAVEPATH	C:\Program Files\Python311\Lib\site-packages\thehow\dependency_probe\probes
EPOCHS	20
PROBE_LOSS_POW	2
CONLL_ALIAS	wsj
CONLL_PATH	C:\Program Files\Python311\Lib\site-packages\thehow\dependency_probe\datasets\conll\wsj
TRAIN_CONLL_PATH	C:\Program Files\Python311\Lib\site-packages\thehow\dependency_probe\datasets\conll\wsj\en_wsj-ud-train.conllu
DEV_CONLL_PATH	C:\Program Files\Python311\Lib\site-packages\thehow\dependency_probe\datasets\conll\wsj\en_wsj-ud-dev.conllu
TEST_CONLL_PATH	C:\Program Files\Python311\Lib\site-packages\thehow\dependency_probe\datasets\conll\wsj\en_wsj-ud-test.conllu
DEPD_DIRECTED	False
DATASET_PKL_PATH	C:\Program Files\Python311\Lib\site-packages\thehow\dependency_probe\datasets\pkl
REPORTS_PATH	C:\Program Files\Python311\Lib\site-packages\thehow\dependency_probe\reports
METHOD	pairwisedepd
