[Mean spearmanr for sents of len 5-50]
0.4662290872791256

[UUAS]
0.18093176799807612

[SPEARMANR]
sent_len	mean_spearmanr
2	0.9999999999999998
3	0.7766920082982165
4	0.6365912614405986
5	0.5924827772369416
6	0.5711607515865712
7	0.5343835591102203
8	0.5395378800547953
9	0.46700280119784837
10	0.4649312070382012
11	0.46275543654307655
12	0.4539216641600642
13	0.46505854526611207
14	0.4552409247779533
15	0.4411127997822541
16	0.4459325845816264
17	0.43663928054400414
18	0.44984585628509904
19	0.446078710422603
20	0.4463515991835957
21	0.4478204760738802
22	0.44777305144677865
23	0.44697662141994704
24	0.43972231619439683
25	0.43455640065959544
26	0.45221473560509057
27	0.4460853462453648
28	0.4567108735801534
29	0.470006908583514
30	0.45330857030154575
31	0.4769726099691234
32	0.45624932384475486
33	0.470504077643433
34	0.486248705477933
35	0.458840995419032
36	0.4746060098347433
37	0.4577797999753946
38	0.44993937767690706
39	0.4517331425176082
40	0.47186803556256407
41	0.451357789521874
42	0.4836771920602885
43	0.4495308864647768
44	0.46115952868124727
45	0.46922728842510425
46	0.46184874580831375
47	0.44914392885902704
48	0.4705344083591513
49	0.4602313369841506
50	0.46747315387312266
51	0.44202004999883543
52	0.4328572827579561
53	0.4526291497503781
54	0.38542921189530377
55	0.4769756969613565
56	0.4749623713328927
57	0.46048895079650987
58	0.4523958834716042
59	0.4339642312763458
60	0.23770769855943524
61	0.34144967888921834
62	0.4229509196230003
63	0.43726780602632653
64	0.3708428325187797
65	0.4493045082001325
66	0.5059457706846172
67	0.4080972515542589
69	0.28324075202764665
90	0.3161444859842626
116	0.24859117363450192
118	0.22844257647350466

[EPOCH LOSSES]
0
1
2
3
4
5
6
7
8
9
10
11
12
13
14
15
16
17
18
19

[SETTINGS]
ROOT_PATH	C:\Program Files\Python311\Lib\site-packages\thehow\dependency_probe
MODEL_NAME	bert_large_uncased
MODEL_PATH	D:\transformers\bert\bert_large_uncased
MODEL_NLAYER	24
NDIM_TOKEN_EMBEDDING	1024
MODEL_CUDA	False
ONSITE_EMBEDDINGS	False
HIDDEN_LAYER	23
ONSITE_PROBES	True
LEARNING_RATE	0.001
PROBE_RANK	1
PROBE_CUDA	False
BATCH_SIZE	100
PROBE_SAVEPATH	C:\Program Files\Python311\Lib\site-packages\thehow\dependency_probe\probes
EPOCHS	20
PROBE_LOSS_POW	2
CONLL_ALIAS	wsj
CONLL_PATH	C:\Program Files\Python311\Lib\site-packages\thehow\dependency_probe\datasets\conll\wsj
TRAIN_CONLL_PATH	C:\Program Files\Python311\Lib\site-packages\thehow\dependency_probe\datasets\conll\wsj\en_wsj-ud-train.conllu
DEV_CONLL_PATH	C:\Program Files\Python311\Lib\site-packages\thehow\dependency_probe\datasets\conll\wsj\en_wsj-ud-dev.conllu
TEST_CONLL_PATH	C:\Program Files\Python311\Lib\site-packages\thehow\dependency_probe\datasets\conll\wsj\en_wsj-ud-test.conllu
DEPD_DIRECTED	False
DATASET_PKL_PATH	C:\Program Files\Python311\Lib\site-packages\thehow\dependency_probe\datasets\pkl
REPORTS_PATH	C:\Program Files\Python311\Lib\site-packages\thehow\dependency_probe\reports
METHOD	pairwisedepd
