[Mean spearmanr for sents of len 5-50]
0.6123920173158984

[UUAS]
0.2643798780087886

[SPEARMANR]
sent_len	mean_spearmanr
2	0.9999999999999998
3	0.835250566856775
4	0.731106174691701
5	0.6288230734242598
6	0.5307671987641702
7	0.562242318739421
8	0.508942430836632
9	0.5321934322633315
10	0.5145590768640712
11	0.5045610955066342
12	0.5321363101664319
13	0.554690467470315
14	0.5370408328372342
15	0.5843696979485353
16	0.5921021387309592
17	0.5873994650328679
18	0.5936918396626543
19	0.5988469162387915
20	0.6073223393895729
21	0.6006841583947238
22	0.6147861802212664
23	0.6199727977872443
24	0.6213129610480683
25	0.605784543144565
26	0.6120599276262141
27	0.633923259140427
28	0.6434547426162425
29	0.6412311502288223
30	0.6405939244175646
31	0.6525252417689934
32	0.6453607198408526
33	0.6437730013983421
34	0.662057834382808
35	0.6318147282324307
36	0.6589817724290584
37	0.6533088285512177
38	0.6513014757605471
39	0.6287493871169092
40	0.6649920888653519
41	0.6356036143205538
42	0.6492487851280155
43	0.6356968341442276
44	0.6749807220892673
45	0.680697461867932
46	0.6617946700969717
47	0.6294204666790355
48	0.6417943541765977
49	0.6244610874207251
50	0.6399774437604693
51	0.6760269609813968
52	0.6830884786800626
53	0.6329604571876781
54	0.5983781575973504
55	0.7071604381801722
56	0.5866044183092116
57	0.6106300508427375
58	0.7061259928738732
59	0.6373277832291118
60	0.23815727026621586
61	0.48810510890043063
62	0.6556622734375213
63	0.615504336587347
64	0.4921786241290852
65	0.6278453234008453
66	0.6282107182656609
67	0.6079829377827648
69	0.43430377658324526
90	0.2161234796929626
116	0.19737423964275144
118	0.12608276857907838

[EPOCH LOSSES]
0
1
2
3
4
5
6
7
8
9
10
11
12
13
14
15
16
17
18
19

[SETTINGS]
ROOT_PATH	C:\Program Files\Python311\Lib\site-packages\thehow\dependency_probe
MODEL_NAME	bert_large_uncased
MODEL_PATH	D:\transformers\bert\bert_large_uncased
MODEL_NLAYER	24
NDIM_TOKEN_EMBEDDING	1024
MODEL_CUDA	False
ONSITE_EMBEDDINGS	False
HIDDEN_LAYER	3
ONSITE_PROBES	True
LEARNING_RATE	0.001
PROBE_RANK	1
PROBE_CUDA	False
BATCH_SIZE	100
PROBE_SAVEPATH	C:\Program Files\Python311\Lib\site-packages\thehow\dependency_probe\probes
EPOCHS	20
PROBE_LOSS_POW	2
CONLL_ALIAS	wsj
CONLL_PATH	C:\Program Files\Python311\Lib\site-packages\thehow\dependency_probe\datasets\conll\wsj
TRAIN_CONLL_PATH	C:\Program Files\Python311\Lib\site-packages\thehow\dependency_probe\datasets\conll\wsj\en_wsj-ud-train.conllu
DEV_CONLL_PATH	C:\Program Files\Python311\Lib\site-packages\thehow\dependency_probe\datasets\conll\wsj\en_wsj-ud-dev.conllu
TEST_CONLL_PATH	C:\Program Files\Python311\Lib\site-packages\thehow\dependency_probe\datasets\conll\wsj\en_wsj-ud-test.conllu
DEPD_DIRECTED	False
DATASET_PKL_PATH	C:\Program Files\Python311\Lib\site-packages\thehow\dependency_probe\datasets\pkl
REPORTS_PATH	C:\Program Files\Python311\Lib\site-packages\thehow\dependency_probe\reports
METHOD	pairwisedepd
