[Mean spearmanr for sents of len 5-50]
0.6087488883365287

[UUAS]
0.2556787127522354

[SPEARMANR]
sent_len	mean_spearmanr
2	0.9999999999999998
3	0.8127280443342525
4	0.7183163931556861
5	0.6450126481957548
6	0.5872439457334927
7	0.5770534644131091
8	0.5607312155132973
9	0.5404648938054268
10	0.5438907819496802
11	0.5649335491257149
12	0.5668811988639573
13	0.5811225749076993
14	0.5723663975876181
15	0.6045791135581288
16	0.6023387735644806
17	0.5963253961844946
18	0.5989373281479077
19	0.6068142084874248
20	0.6069550791315238
21	0.6052189685160999
22	0.613146906822732
23	0.6148757041039774
24	0.6155465126679864
25	0.6030505111546178
26	0.6121051383033714
27	0.6264973346222853
28	0.6305147360720292
29	0.6246803467362417
30	0.6229691028434652
31	0.6443414414263415
32	0.635665084191162
33	0.6343117157746477
34	0.6502360648890259
35	0.6196492101726061
36	0.6454063187638304
37	0.6338654302041253
38	0.6302419823775626
39	0.6094425980100228
40	0.6376689713134709
41	0.6103762178277313
42	0.6175810208274423
43	0.5988834201174464
44	0.6386832377081222
45	0.6423821303742632
46	0.6255895157192395
47	0.5973233416049862
48	0.6041038736232788
49	0.5909315412732563
50	0.6115099162692437
51	0.6305858171369236
52	0.6751501073818916
53	0.6134576777891267
54	0.5094766791739465
55	0.6262840474312368
56	0.5307150804580699
57	0.4926350981322167
58	0.6125899733350343
59	0.577217147151603
60	0.16508322947771628
61	0.44483413504452085
62	0.6383867838371233
63	0.558119392924427
64	0.43056833777936143
65	0.6106572982587193
66	0.59565331723576
67	0.46826176521720414
69	0.37328887283676854
90	0.19564839164735076
116	0.13925715729687757
118	0.1480945085807496

[EPOCH LOSSES]
0
1
2
3
4
5
6
7
8
9
10
11
12
13
14
15
16
17
18
19

[SETTINGS]
ROOT_PATH	C:\Program Files\Python311\Lib\site-packages\thehow\dependency_probe
MODEL_NAME	bert_large_uncased
MODEL_PATH	D:\transformers\bert\bert_large_uncased
MODEL_NLAYER	24
NDIM_TOKEN_EMBEDDING	1024
MODEL_CUDA	False
ONSITE_EMBEDDINGS	False
HIDDEN_LAYER	6
ONSITE_PROBES	True
LEARNING_RATE	0.001
PROBE_RANK	1
PROBE_CUDA	False
BATCH_SIZE	100
PROBE_SAVEPATH	C:\Program Files\Python311\Lib\site-packages\thehow\dependency_probe\probes
EPOCHS	20
PROBE_LOSS_POW	2
CONLL_ALIAS	wsj
CONLL_PATH	C:\Program Files\Python311\Lib\site-packages\thehow\dependency_probe\datasets\conll\wsj
TRAIN_CONLL_PATH	C:\Program Files\Python311\Lib\site-packages\thehow\dependency_probe\datasets\conll\wsj\en_wsj-ud-train.conllu
DEV_CONLL_PATH	C:\Program Files\Python311\Lib\site-packages\thehow\dependency_probe\datasets\conll\wsj\en_wsj-ud-dev.conllu
TEST_CONLL_PATH	C:\Program Files\Python311\Lib\site-packages\thehow\dependency_probe\datasets\conll\wsj\en_wsj-ud-test.conllu
DEPD_DIRECTED	False
DATASET_PKL_PATH	C:\Program Files\Python311\Lib\site-packages\thehow\dependency_probe\datasets\pkl
REPORTS_PATH	C:\Program Files\Python311\Lib\site-packages\thehow\dependency_probe\reports
METHOD	pairwisedepd
