[Mean spearmanr for sents of len 5-50]
0.5089517842620918

[UUAS]
0.2646203624756783

[SPEARMANR]
sent_len	mean_spearmanr
2	0.9999999999999998
3	0.8127280443342525
4	0.7033388469293954
5	0.5928734196924358
6	0.43674971369109966
7	0.44287150483704985
8	0.40681068114597824
9	0.41642284341612534
10	0.4198121847393964
11	0.39213621040492613
12	0.4439071852528747
13	0.43747071505332125
14	0.44885431409239385
15	0.48148061506212536
16	0.5299111979785653
17	0.5390290640920773
18	0.5527158895529507
19	0.5537872326602554
20	0.5649814738533792
21	0.5635595365004474
22	0.5836467957426953
23	0.5952968530536363
24	0.590707059122656
25	0.5707476031602348
26	0.5777683026911425
27	0.5922672488039392
28	0.6155681458673063
29	0.602467506176943
30	0.6079322614791945
31	0.6157541087313528
32	0.6001818987577795
33	0.5941733417799263
34	0.6121833432798636
35	0.5823854619376168
36	0.6039556701115562
37	0.5715003730656438
38	0.557804007676572
39	0.5018110180350633
40	0.5462510704053819
41	0.5123378531829162
42	0.4901649765216623
43	0.450635774255036
44	0.4270207667638652
45	0.4088231080159285
46	0.38424207843799296
47	0.3767202338687212
48	0.33120681462312007
49	0.3673151003690983
50	0.3175395181139802
51	0.32093003769138473
52	0.32295486827748116
53	0.32469114131389776
54	0.3840167051396571
55	0.35234457806695996
56	0.34541418260131085
57	0.29267832406104194
58	0.3097880835335856
59	0.3607104114991338
60	0.22157918127485257
61	0.3902403419469344
62	0.5309632896631531
63	0.5365673366054508
64	0.4232236467408639
65	0.4555142674942581
66	0.42441324740257286
67	0.2542170691718809
69	0.1928897816191237
90	0.08922450614281878
116	0.08653340171965818
118	0.10461783872567582

[EPOCH LOSSES]
0
1
2
3
4
5
6
7
8
9
10
11
12
13
14
15
16
17
18
19

[SETTINGS]
ROOT_PATH	C:\Program Files\Python311\Lib\site-packages\thehow\dependency_probe
MODEL_NAME	bert_large_uncased
MODEL_PATH	D:\transformers\bert\bert_large_uncased
MODEL_NLAYER	24
NDIM_TOKEN_EMBEDDING	1024
MODEL_CUDA	False
ONSITE_EMBEDDINGS	False
HIDDEN_LAYER	0
ONSITE_PROBES	True
LEARNING_RATE	0.001
PROBE_RANK	1
PROBE_CUDA	False
BATCH_SIZE	100
PROBE_SAVEPATH	C:\Program Files\Python311\Lib\site-packages\thehow\dependency_probe\probes
EPOCHS	20
PROBE_LOSS_POW	2
CONLL_ALIAS	wsj
CONLL_PATH	C:\Program Files\Python311\Lib\site-packages\thehow\dependency_probe\datasets\conll\wsj
TRAIN_CONLL_PATH	C:\Program Files\Python311\Lib\site-packages\thehow\dependency_probe\datasets\conll\wsj\en_wsj-ud-train.conllu
DEV_CONLL_PATH	C:\Program Files\Python311\Lib\site-packages\thehow\dependency_probe\datasets\conll\wsj\en_wsj-ud-dev.conllu
TEST_CONLL_PATH	C:\Program Files\Python311\Lib\site-packages\thehow\dependency_probe\datasets\conll\wsj\en_wsj-ud-test.conllu
DEPD_DIRECTED	False
DATASET_PKL_PATH	C:\Program Files\Python311\Lib\site-packages\thehow\dependency_probe\datasets\pkl
REPORTS_PATH	C:\Program Files\Python311\Lib\site-packages\thehow\dependency_probe\reports
METHOD	pairwisedepd
