[Mean spearmanr for sents of len 5-50]
0.5869495334958461

[UUAS]
0.22007608054043418

[SPEARMANR]
sent_len	mean_spearmanr
2	0.9999999999999998
3	0.7586739902801984
4	0.5633117319273909
5	0.5517693365932128
6	0.5631683814191776
7	0.49143836117708334
8	0.5513076738128172
9	0.5274257500162054
10	0.5165304663392384
11	0.5564487705382104
12	0.5393591565704238
13	0.5498888204628484
14	0.5424485739898858
15	0.5600844442410342
16	0.5711886683474593
17	0.5607792829517685
18	0.5746857417264921
19	0.583504926597592
20	0.5883460009415291
21	0.5939429121322714
22	0.5973177892628875
23	0.609793751356001
24	0.6084426504238093
25	0.5872696176174038
26	0.5917865366792905
27	0.5949820381054741
28	0.6170268604090927
29	0.6207654484130293
30	0.6057191545103153
31	0.6176872469534784
32	0.6156712690399725
33	0.6185687927249677
34	0.6257312812376922
35	0.594104204883868
36	0.6092180961539817
37	0.5911176151979034
38	0.6196867169405093
39	0.5966612614628235
40	0.626660056517566
41	0.6171371851337336
42	0.6092366230265299
43	0.5827309611397262
44	0.6086728113213665
45	0.6225701326262488
46	0.5930968097328136
47	0.5812425034050727
48	0.6133367129255972
49	0.5968167945079342
50	0.6043103512425869
51	0.638129519486161
52	0.6193700853161428
53	0.6106588200672182
54	0.5388535678000494
55	0.5808928773346005
56	0.544230788977226
57	0.5525393479072145
58	0.5768353235482023
59	0.6081097895593062
60	0.2827119593757903
61	0.39952979315339204
62	0.6071786505015871
63	0.6565495464353336
64	0.45317150150412727
65	0.5925098674403669
66	0.6676998328430463
67	0.37712554697837525
69	0.44650254264321404
90	0.3161734145404343
116	0.29249338283752846
118	0.2977031288293675

[EPOCH LOSSES]
0
1
2
3
4
5
6
7
8
9
10
11
12
13
14
15
16
17
18
19

[SETTINGS]
ROOT_PATH	C:\Program Files\Python311\Lib\site-packages\thehow\dependency_probe
MODEL_NAME	bert_large_uncased
MODEL_PATH	D:\transformers\bert\bert_large_uncased
MODEL_NLAYER	24
NDIM_TOKEN_EMBEDDING	1024
MODEL_CUDA	False
ONSITE_EMBEDDINGS	False
HIDDEN_LAYER	20
ONSITE_PROBES	True
LEARNING_RATE	0.001
PROBE_RANK	1
PROBE_CUDA	False
BATCH_SIZE	100
PROBE_SAVEPATH	C:\Program Files\Python311\Lib\site-packages\thehow\dependency_probe\probes
EPOCHS	20
PROBE_LOSS_POW	2
CONLL_ALIAS	wsj
CONLL_PATH	C:\Program Files\Python311\Lib\site-packages\thehow\dependency_probe\datasets\conll\wsj
TRAIN_CONLL_PATH	C:\Program Files\Python311\Lib\site-packages\thehow\dependency_probe\datasets\conll\wsj\en_wsj-ud-train.conllu
DEV_CONLL_PATH	C:\Program Files\Python311\Lib\site-packages\thehow\dependency_probe\datasets\conll\wsj\en_wsj-ud-dev.conllu
TEST_CONLL_PATH	C:\Program Files\Python311\Lib\site-packages\thehow\dependency_probe\datasets\conll\wsj\en_wsj-ud-test.conllu
DEPD_DIRECTED	False
DATASET_PKL_PATH	C:\Program Files\Python311\Lib\site-packages\thehow\dependency_probe\datasets\pkl
REPORTS_PATH	C:\Program Files\Python311\Lib\site-packages\thehow\dependency_probe\reports
METHOD	pairwisedepd
