[Mean spearmanr for sents of len 5-50]
0.6267367695426236

[UUAS]
0.2630134889923701

[SPEARMANR]
sent_len	mean_spearmanr
2	0.9999999999999998
3	0.8307460623522706
4	0.7316048189416009
5	0.6674413955182771
6	0.6003899060178381
7	0.5719748155752788
8	0.5804629296166268
9	0.5814749967675907
10	0.5650656447324621
11	0.5867284345815978
12	0.5972614485938371
13	0.6012342115129571
14	0.5891748910468277
15	0.6104678818005896
16	0.6223739100009598
17	0.620886207578687
18	0.6194332409364901
19	0.6258493640927759
20	0.6265370873364543
21	0.6335569728029502
22	0.6345875830830643
23	0.6416409736932925
24	0.6393126848183869
25	0.6295994810509092
26	0.629897324443894
27	0.6542719048662223
28	0.6539519012135394
29	0.6492371344139017
30	0.6469248216718141
31	0.662960810634378
32	0.6533857634544091
33	0.6501176565645452
34	0.668826026082096
35	0.6324020366958617
36	0.6591795773641526
37	0.6516960458491567
38	0.6513237161919776
39	0.6289936540997482
40	0.6486618298053607
41	0.6165585838256054
42	0.6363157492850667
43	0.6054272083634784
44	0.6471869896674558
45	0.6506036286934931
46	0.6331633553994318
47	0.5990919360391876
48	0.633349321533867
49	0.5953867074169568
50	0.6255236542272379
51	0.6223317175199645
52	0.6839220968556174
53	0.6256036965782457
54	0.5070995167040023
55	0.6206688481678699
56	0.5244293283364427
57	0.4962778222193184
58	0.6138598941780528
59	0.5768963799179749
60	0.17599281991810453
61	0.4379613844597768
62	0.644432286172902
63	0.5868748641227648
64	0.44247572812364144
65	0.5649970880600166
66	0.5899195212973946
67	0.44718826640252973
69	0.40473874308949825
90	0.24576073914132276
116	0.20405233913667273
118	0.18442139332487878

[EPOCH LOSSES]
0
1
2
3
4
5
6
7
8
9
10
11
12
13
14
15
16
17
18
19

[SETTINGS]
ROOT_PATH	C:\Program Files\Python311\Lib\site-packages\thehow\dependency_probe
MODEL_NAME	bert_large_uncased
MODEL_PATH	D:\transformers\bert\bert_large_uncased
MODEL_NLAYER	24
NDIM_TOKEN_EMBEDDING	1024
MODEL_CUDA	False
ONSITE_EMBEDDINGS	False
HIDDEN_LAYER	10
ONSITE_PROBES	True
LEARNING_RATE	0.001
PROBE_RANK	1
PROBE_CUDA	False
BATCH_SIZE	100
PROBE_SAVEPATH	C:\Program Files\Python311\Lib\site-packages\thehow\dependency_probe\probes
EPOCHS	20
PROBE_LOSS_POW	2
CONLL_ALIAS	wsj
CONLL_PATH	C:\Program Files\Python311\Lib\site-packages\thehow\dependency_probe\datasets\conll\wsj
TRAIN_CONLL_PATH	C:\Program Files\Python311\Lib\site-packages\thehow\dependency_probe\datasets\conll\wsj\en_wsj-ud-train.conllu
DEV_CONLL_PATH	C:\Program Files\Python311\Lib\site-packages\thehow\dependency_probe\datasets\conll\wsj\en_wsj-ud-dev.conllu
TEST_CONLL_PATH	C:\Program Files\Python311\Lib\site-packages\thehow\dependency_probe\datasets\conll\wsj\en_wsj-ud-test.conllu
DEPD_DIRECTED	False
DATASET_PKL_PATH	C:\Program Files\Python311\Lib\site-packages\thehow\dependency_probe\datasets\pkl
REPORTS_PATH	C:\Program Files\Python311\Lib\site-packages\thehow\dependency_probe\reports
METHOD	pairwisedepd
