[Mean spearmanr for sents of len 5-50]
0.47937226409678113

[UUAS]
0.18698760411884305

[SPEARMANR]
sent_len	mean_spearmanr
2	0.9999999999999998
3	0.754169485775694
4	0.6028715527259119
5	0.5483511854916744
6	0.5457360005019013
7	0.4735669320739225
8	0.5126957307117682
9	0.5062810526054822
10	0.4711077121971222
11	0.4799883303061436
12	0.47786753100167234
13	0.4606276325755847
14	0.4598111177974957
15	0.45296403527591567
16	0.465053562366143
17	0.45422251702273286
18	0.4804670630001899
19	0.4740062367347129
20	0.4633625124932771
21	0.4876241923804748
22	0.4782488352395641
23	0.488430119633502
24	0.48857053014751955
25	0.4617836457639333
26	0.46691749803360305
27	0.47179856034365997
28	0.4883135917845876
29	0.48846988509435446
30	0.4732243242545327
31	0.4881350502079952
32	0.48477510495479786
33	0.4882353562061211
34	0.4935549091403927
35	0.45973215382758237
36	0.49222151415020715
37	0.45151257455928967
38	0.4734870832216515
39	0.4761479787622085
40	0.4783682274413145
41	0.4870809479355582
42	0.4860485262114345
43	0.45494853121117973
44	0.46959252604018226
45	0.4870818159254849
46	0.4724948768478276
47	0.4624706880229204
48	0.49028284581439685
49	0.476265498483261
50	0.4591976046566555
51	0.461457822029964
52	0.5004024656771057
53	0.5103656209982407
54	0.42522936635509345
55	0.4371389620520847
56	0.4763174348714474
57	0.4523390326688357
58	0.4510685767682125
59	0.484306562912451
60	0.25872217418720855
61	0.3637485982085282
62	0.5170829488264835
63	0.5576449495944492
64	0.3551624926065824
65	0.5272574172504326
66	0.5111556551701254
67	0.2928882064997245
69	0.4164358279260671
90	0.28290173156817916
116	0.26245018440097867
118	0.23058948004660168

[EPOCH LOSSES]
0
1
2
3
4
5
6
7
8
9
10
11
12
13
14
15
16
17
18
19

[SETTINGS]
ROOT_PATH	C:\Program Files\Python311\Lib\site-packages\thehow\dependency_probe
MODEL_NAME	bert_large_uncased
MODEL_PATH	D:\transformers\bert\bert_large_uncased
MODEL_NLAYER	24
NDIM_TOKEN_EMBEDDING	1024
MODEL_CUDA	False
ONSITE_EMBEDDINGS	False
HIDDEN_LAYER	22
ONSITE_PROBES	True
LEARNING_RATE	0.001
PROBE_RANK	1
PROBE_CUDA	False
BATCH_SIZE	100
PROBE_SAVEPATH	C:\Program Files\Python311\Lib\site-packages\thehow\dependency_probe\probes
EPOCHS	20
PROBE_LOSS_POW	2
CONLL_ALIAS	wsj
CONLL_PATH	C:\Program Files\Python311\Lib\site-packages\thehow\dependency_probe\datasets\conll\wsj
TRAIN_CONLL_PATH	C:\Program Files\Python311\Lib\site-packages\thehow\dependency_probe\datasets\conll\wsj\en_wsj-ud-train.conllu
DEV_CONLL_PATH	C:\Program Files\Python311\Lib\site-packages\thehow\dependency_probe\datasets\conll\wsj\en_wsj-ud-dev.conllu
TEST_CONLL_PATH	C:\Program Files\Python311\Lib\site-packages\thehow\dependency_probe\datasets\conll\wsj\en_wsj-ud-test.conllu
DEPD_DIRECTED	False
DATASET_PKL_PATH	C:\Program Files\Python311\Lib\site-packages\thehow\dependency_probe\datasets\pkl
REPORTS_PATH	C:\Program Files\Python311\Lib\site-packages\thehow\dependency_probe\reports
METHOD	pairwisedepd
