[Mean spearmanr for sents of len 5-50]
0.6664986704903756

[UUAS]
0.2709166830633349

[SPEARMANR]
sent_len	mean_spearmanr
2	0.9999999999999998
3	0.763178494784703
4	0.6246055807137064
5	0.5535225946312262
6	0.6308324974684444
7	0.5696185755872808
8	0.634007191574761
9	0.626473158747557
10	0.6359053077328239
11	0.6557526534910936
12	0.6708575612923575
13	0.6688953263002642
14	0.6479791959274234
15	0.65765667453249
16	0.6692458947506278
17	0.6748967667817505
18	0.6743632654445106
19	0.672883426669335
20	0.6812271012538609
21	0.6886931374715386
22	0.6863342081620155
23	0.6957023245183929
24	0.6938764914252821
25	0.672747937989121
26	0.6748608077319246
27	0.6883338915343831
28	0.6966852193495567
29	0.7060384109823923
30	0.6823100276560209
31	0.6868881346792383
32	0.6898756456925673
33	0.6788987357824208
34	0.7097153169918835
35	0.6673906557916546
36	0.6871872154486025
37	0.6738671970806083
38	0.6928960519828125
39	0.6632176421101397
40	0.6913425563282669
41	0.6689185731039937
42	0.6733586900052944
43	0.6415028433008446
44	0.6701254413987011
45	0.6694616651952902
46	0.6708850193431263
47	0.6307957538426812
48	0.6738181143917946
49	0.6318802033681018
50	0.6772137377128222
51	0.6675279730126245
52	0.7046667127870878
53	0.653723546090156
54	0.5678074759448641
55	0.6252269253170456
56	0.6065356625743555
57	0.5899962946173726
58	0.629500187712441
59	0.6128997799078243
60	0.25217342869824205
61	0.45410201792128263
62	0.6449460704258477
63	0.6981737435840237
64	0.49599466612252335
65	0.6397836843935647
66	0.7255217758824806
67	0.45978462870488335
69	0.4378346546365557
90	0.32204470375937994
116	0.2876941051195935
118	0.2839898849759712

[EPOCH LOSSES]
0
1
2
3
4
5
6
7
8
9
10
11
12
13
14
15
16
17
18
19

[SETTINGS]
ROOT_PATH	C:\Program Files\Python311\Lib\site-packages\thehow\dependency_probe
MODEL_NAME	bert_large_uncased
MODEL_PATH	D:\transformers\bert\bert_large_uncased
MODEL_NLAYER	24
NDIM_TOKEN_EMBEDDING	1024
MODEL_CUDA	False
ONSITE_EMBEDDINGS	False
HIDDEN_LAYER	14
ONSITE_PROBES	True
LEARNING_RATE	0.001
PROBE_RANK	1
PROBE_CUDA	False
BATCH_SIZE	100
PROBE_SAVEPATH	C:\Program Files\Python311\Lib\site-packages\thehow\dependency_probe\probes
EPOCHS	20
PROBE_LOSS_POW	2
CONLL_ALIAS	wsj
CONLL_PATH	C:\Program Files\Python311\Lib\site-packages\thehow\dependency_probe\datasets\conll\wsj
TRAIN_CONLL_PATH	C:\Program Files\Python311\Lib\site-packages\thehow\dependency_probe\datasets\conll\wsj\en_wsj-ud-train.conllu
DEV_CONLL_PATH	C:\Program Files\Python311\Lib\site-packages\thehow\dependency_probe\datasets\conll\wsj\en_wsj-ud-dev.conllu
TEST_CONLL_PATH	C:\Program Files\Python311\Lib\site-packages\thehow\dependency_probe\datasets\conll\wsj\en_wsj-ud-test.conllu
DEPD_DIRECTED	False
DATASET_PKL_PATH	C:\Program Files\Python311\Lib\site-packages\thehow\dependency_probe\datasets\pkl
REPORTS_PATH	C:\Program Files\Python311\Lib\site-packages\thehow\dependency_probe\reports
METHOD	pairwisedepd
