[Mean spearmanr for sents of len 5-50]
0.6352196165627272

[UUAS]
0.2689381517675608

[SPEARMANR]
sent_len	mean_spearmanr
2	0.9999999999999998
3	0.8622775938838021
4	0.7503469814299968
5	0.6564492572331101
6	0.6121775994846527
7	0.6166307804982557
8	0.5931048090894128
9	0.5997428249525084
10	0.5847646070270562
11	0.5985153139833274
12	0.6081943547596913
13	0.6062131745272065
14	0.5929620047908598
15	0.6229198870663242
16	0.6290031687807937
17	0.6261197423536072
18	0.629842355755465
19	0.6338854457391153
20	0.628729440150521
21	0.6365482258311604
22	0.6412155755045078
23	0.6447694067309339
24	0.6416682648699645
25	0.6344130620670916
26	0.636952075371578
27	0.6570227900426999
28	0.6624460718264608
29	0.6571298915693768
30	0.6535679955046587
31	0.6699294515626297
32	0.6628761405752363
33	0.6567011894735225
34	0.6771894861434054
35	0.6368593035404491
36	0.6633547586333193
37	0.6516636029887134
38	0.6544200096219775
39	0.6338729125664893
40	0.6535461245209201
41	0.6258877506064805
42	0.6399397949204914
43	0.6170533086039173
44	0.6574099570981031
45	0.6537922537789599
46	0.6486056855486043
47	0.6189316941608394
48	0.6437412875099746
49	0.6161933544848841
50	0.6331461700361959
51	0.6351386366723089
52	0.6937942598822175
53	0.6433964789491855
54	0.5323247544350562
55	0.6373311580685581
56	0.5505535188774123
57	0.5162564613954431
58	0.6252237969329737
59	0.5842502990640165
60	0.1847487312618759
61	0.4586866526075634
62	0.6668157556650188
63	0.6345908522356919
64	0.4641738598722555
65	0.6034696034313751
66	0.590543641227883
67	0.4587840529186978
69	0.4147549855960385
90	0.26406130139055123
116	0.22915902449525766
118	0.19796164858538326

[EPOCH LOSSES]
0
1
2
3
4
5
6
7
8
9
10
11
12
13
14
15
16
17
18
19

[SETTINGS]
ROOT_PATH	C:\Program Files\Python311\Lib\site-packages\thehow\dependency_probe
MODEL_NAME	bert_large_uncased
MODEL_PATH	D:\transformers\bert\bert_large_uncased
MODEL_NLAYER	24
NDIM_TOKEN_EMBEDDING	1024
MODEL_CUDA	False
ONSITE_EMBEDDINGS	False
HIDDEN_LAYER	11
ONSITE_PROBES	True
LEARNING_RATE	0.001
PROBE_RANK	1
PROBE_CUDA	False
BATCH_SIZE	100
PROBE_SAVEPATH	C:\Program Files\Python311\Lib\site-packages\thehow\dependency_probe\probes
EPOCHS	20
PROBE_LOSS_POW	2
CONLL_ALIAS	wsj
CONLL_PATH	C:\Program Files\Python311\Lib\site-packages\thehow\dependency_probe\datasets\conll\wsj
TRAIN_CONLL_PATH	C:\Program Files\Python311\Lib\site-packages\thehow\dependency_probe\datasets\conll\wsj\en_wsj-ud-train.conllu
DEV_CONLL_PATH	C:\Program Files\Python311\Lib\site-packages\thehow\dependency_probe\datasets\conll\wsj\en_wsj-ud-dev.conllu
TEST_CONLL_PATH	C:\Program Files\Python311\Lib\site-packages\thehow\dependency_probe\datasets\conll\wsj\en_wsj-ud-test.conllu
DEPD_DIRECTED	False
DATASET_PKL_PATH	C:\Program Files\Python311\Lib\site-packages\thehow\dependency_probe\datasets\pkl
REPORTS_PATH	C:\Program Files\Python311\Lib\site-packages\thehow\dependency_probe\reports
METHOD	pairwisedepd
