[Mean spearmanr for sents of len 5-50]
0.6657056878753174

[UUAS]
0.2712883408758007

[SPEARMANR]
sent_len	mean_spearmanr
2	0.9999999999999998
3	0.8037190353252435
4	0.6301402362383177
5	0.532750505497738
6	0.6321077983979061
7	0.5831563571697327
8	0.6337182442079609
9	0.6096131959579182
10	0.6318519685387284
11	0.6562905874049144
12	0.6701351754711394
13	0.6652787668238552
14	0.6504252491569609
15	0.6599189439663559
16	0.6692030297899386
17	0.671995597760975
18	0.6731167641288492
19	0.6746802178983445
20	0.6777480164681763
21	0.6877290282972914
22	0.684563597952379
23	0.6984959344482998
24	0.6950862533394712
25	0.6732630660089881
26	0.6766958125764067
27	0.6888236771115817
28	0.695100227874177
29	0.7055222214222228
30	0.6863326349146639
31	0.6896693634160609
32	0.6923262161090443
33	0.6789166402349519
34	0.7128714585011371
35	0.6677099663000374
36	0.6890492336362802
37	0.6745093076799082
38	0.6949010708065531
39	0.6630502473215545
40	0.689868646309374
41	0.6744434721830893
42	0.6737721720636715
43	0.6511517924512672
44	0.6721951639404441
45	0.6685914109752679
46	0.6638783806946881
47	0.6262132848515711
48	0.6626723667163841
49	0.6212049743944825
50	0.6718636010938618
51	0.6533440734917846
52	0.6958002941734485
53	0.6289503416608192
54	0.554811358806838
55	0.63664052272176
56	0.5850104568363873
57	0.5814959032690147
58	0.6369126435653352
59	0.602865583536924
60	0.23301212201829005
61	0.44927097027555546
62	0.6268470486231941
63	0.6989846689785401
64	0.477390576321263
65	0.6226969810399232
66	0.7098709185686277
67	0.48862079299151207
69	0.42767473415678314
90	0.29967227047378725
116	0.2676597803218769
118	0.2491577892977376

[EPOCH LOSSES]
0
1
2
3
4
5
6
7
8
9
10
11
12
13
14
15
16
17
18
19

[SETTINGS]
ROOT_PATH	C:\Program Files\Python311\Lib\site-packages\thehow\dependency_probe
MODEL_NAME	bert_large_uncased
MODEL_PATH	D:\transformers\bert\bert_large_uncased
MODEL_NLAYER	24
NDIM_TOKEN_EMBEDDING	1024
MODEL_CUDA	False
ONSITE_EMBEDDINGS	False
HIDDEN_LAYER	13
ONSITE_PROBES	True
LEARNING_RATE	0.001
PROBE_RANK	1
PROBE_CUDA	False
BATCH_SIZE	100
PROBE_SAVEPATH	C:\Program Files\Python311\Lib\site-packages\thehow\dependency_probe\probes
EPOCHS	20
PROBE_LOSS_POW	2
CONLL_ALIAS	wsj
CONLL_PATH	C:\Program Files\Python311\Lib\site-packages\thehow\dependency_probe\datasets\conll\wsj
TRAIN_CONLL_PATH	C:\Program Files\Python311\Lib\site-packages\thehow\dependency_probe\datasets\conll\wsj\en_wsj-ud-train.conllu
DEV_CONLL_PATH	C:\Program Files\Python311\Lib\site-packages\thehow\dependency_probe\datasets\conll\wsj\en_wsj-ud-dev.conllu
TEST_CONLL_PATH	C:\Program Files\Python311\Lib\site-packages\thehow\dependency_probe\datasets\conll\wsj\en_wsj-ud-test.conllu
DEPD_DIRECTED	False
DATASET_PKL_PATH	C:\Program Files\Python311\Lib\site-packages\thehow\dependency_probe\datasets\pkl
REPORTS_PATH	C:\Program Files\Python311\Lib\site-packages\thehow\dependency_probe\reports
METHOD	pairwisedepd
