[Mean spearmanr for sents of len 5-50]
0.6304847717079507

[UUAS]
0.24967753219212524

[SPEARMANR]
sent_len	mean_spearmanr
2	0.9999999999999998
3	0.781196512802721
4	0.6110926171906987
5	0.5386757729610697
6	0.5972597047463218
7	0.5294988489256237
8	0.5776295268616889
9	0.559690224414625
10	0.5682118392404201
11	0.5939889080262138
12	0.6052384419913406
13	0.6083642580018631
14	0.5984621080271093
15	0.6153257417275526
16	0.6291125271793562
17	0.6309067528227825
18	0.6278802786767029
19	0.6320041325763386
20	0.6355175244073953
21	0.6487596483582432
22	0.6483643497875421
23	0.6636698471404625
24	0.657648317175682
25	0.6362752253648357
26	0.637527116249255
27	0.6604101063589028
28	0.662844707118667
29	0.6741103016191536
30	0.6599914933625344
31	0.6593580252349541
32	0.6594270161351483
33	0.6502274707751934
34	0.6866736198151759
35	0.6432838014913922
36	0.6640137054632314
37	0.6531840007048995
38	0.6711870273529101
39	0.6350981341772913
40	0.6584907325039192
41	0.6491813333997226
42	0.645524657644792
43	0.6320020337118537
44	0.6441626131601692
45	0.6438766612047758
46	0.6377667152709118
47	0.6054486491026969
48	0.6417593252412583
49	0.5911872786530801
50	0.6330789944006754
51	0.6074368615258607
52	0.6476609194353914
53	0.6004378547386205
54	0.5219058962074999
55	0.624936806206108
56	0.5454944754564037
57	0.5270737287691584
58	0.6463832895339193
59	0.578073842785805
60	0.19858271149979262
61	0.42715018469604327
62	0.5693796387483459
63	0.6547704483235534
64	0.41868446681508836
65	0.5762746001112345
66	0.6414571882729201
67	0.4770466383992441
69	0.3558600321861713
90	0.23707709996052154
116	0.17908826348154933
118	0.19201284127567714

[EPOCH LOSSES]
0
1
2
3
4
5
6
7
8
9
10
11
12
13
14
15
16
17
18
19

[SETTINGS]
ROOT_PATH	C:\Program Files\Python311\Lib\site-packages\thehow\dependency_probe
MODEL_NAME	bert_large_uncased
MODEL_PATH	D:\transformers\bert\bert_large_uncased
MODEL_NLAYER	24
NDIM_TOKEN_EMBEDDING	1024
MODEL_CUDA	False
ONSITE_EMBEDDINGS	False
HIDDEN_LAYER	9
ONSITE_PROBES	True
LEARNING_RATE	0.001
PROBE_RANK	1
PROBE_CUDA	False
BATCH_SIZE	100
PROBE_SAVEPATH	C:\Program Files\Python311\Lib\site-packages\thehow\dependency_probe\probes
EPOCHS	20
PROBE_LOSS_POW	2
CONLL_ALIAS	wsj
CONLL_PATH	C:\Program Files\Python311\Lib\site-packages\thehow\dependency_probe\datasets\conll\wsj
TRAIN_CONLL_PATH	C:\Program Files\Python311\Lib\site-packages\thehow\dependency_probe\datasets\conll\wsj\en_wsj-ud-train.conllu
DEV_CONLL_PATH	C:\Program Files\Python311\Lib\site-packages\thehow\dependency_probe\datasets\conll\wsj\en_wsj-ud-dev.conllu
TEST_CONLL_PATH	C:\Program Files\Python311\Lib\site-packages\thehow\dependency_probe\datasets\conll\wsj\en_wsj-ud-test.conllu
DEPD_DIRECTED	False
DATASET_PKL_PATH	C:\Program Files\Python311\Lib\site-packages\thehow\dependency_probe\datasets\pkl
REPORTS_PATH	C:\Program Files\Python311\Lib\site-packages\thehow\dependency_probe\reports
METHOD	pairwisedepd
