[Mean spearmanr for sents of len 5-50]
0.6248024018465775

[UUAS]
0.24638726744058942

[SPEARMANR]
sent_len	mean_spearmanr
2	0.9999999999999998
3	0.8667820983883066
4	0.7050279673697714
5	0.6216927411570834
6	0.5777593880948186
7	0.5837498850753384
8	0.5927794183734745
9	0.557127430814536
10	0.5620950784155887
11	0.5671943746120142
12	0.5829949228976988
13	0.5856751612265515
14	0.566320038603623
15	0.603728239631893
16	0.613525239279402
17	0.6150961053974195
18	0.6152374427303394
19	0.6230506449071206
20	0.6172473465361501
21	0.6217755223358451
22	0.6332911424648284
23	0.6267693156889972
24	0.6276616709291021
25	0.6290954742386301
26	0.6338763375182088
27	0.6473905240665345
28	0.6540310036487758
29	0.64965346480077
30	0.6474848359156269
31	0.6670093012748238
32	0.6543863442133265
33	0.6618582098715079
34	0.669676352629806
35	0.6394518119384344
36	0.6664324400502945
37	0.6536755654063572
38	0.6490277463754319
39	0.6328683874819815
40	0.6593560639986338
41	0.6255479862943728
42	0.6376459917031893
43	0.6192567976311496
44	0.6498016492785704
45	0.6661386651793928
46	0.6467273510443451
47	0.6069474574755296
48	0.6458274610266858
49	0.6160304416739407
50	0.6169417110344263
51	0.6764927064190793
52	0.707049691736582
53	0.6753805059996504
54	0.5546171074486101
55	0.6112166477496087
56	0.5695711714420965
57	0.5327696180988581
58	0.576016122218974
59	0.6336335544378467
60	0.2595868778409201
61	0.4394573342275438
62	0.7432117408944958
63	0.651373825448224
64	0.487603509769603
65	0.6439552331174495
66	0.5809907701832671
67	0.3845414472427024
69	0.47607781093227874
90	0.3203107488051947
116	0.28726192727015254
118	0.3044914821991676

[EPOCH LOSSES]
0
1
2
3
4
5
6
7
8
9
10
11
12
13
14
15
16
17
18
19

[SETTINGS]
ROOT_PATH	C:\Program Files\Python311\Lib\site-packages\thehow\dependency_probe
MODEL_NAME	bert_large_uncased
MODEL_PATH	D:\transformers\bert\bert_large_uncased
MODEL_NLAYER	24
NDIM_TOKEN_EMBEDDING	1024
MODEL_CUDA	False
ONSITE_EMBEDDINGS	False
HIDDEN_LAYER	17
ONSITE_PROBES	True
LEARNING_RATE	0.001
PROBE_RANK	1
PROBE_CUDA	False
BATCH_SIZE	100
PROBE_SAVEPATH	C:\Program Files\Python311\Lib\site-packages\thehow\dependency_probe\probes
EPOCHS	20
PROBE_LOSS_POW	2
CONLL_ALIAS	wsj
CONLL_PATH	C:\Program Files\Python311\Lib\site-packages\thehow\dependency_probe\datasets\conll\wsj
TRAIN_CONLL_PATH	C:\Program Files\Python311\Lib\site-packages\thehow\dependency_probe\datasets\conll\wsj\en_wsj-ud-train.conllu
DEV_CONLL_PATH	C:\Program Files\Python311\Lib\site-packages\thehow\dependency_probe\datasets\conll\wsj\en_wsj-ud-dev.conllu
TEST_CONLL_PATH	C:\Program Files\Python311\Lib\site-packages\thehow\dependency_probe\datasets\conll\wsj\en_wsj-ud-test.conllu
DEPD_DIRECTED	False
DATASET_PKL_PATH	C:\Program Files\Python311\Lib\site-packages\thehow\dependency_probe\datasets\pkl
REPORTS_PATH	C:\Program Files\Python311\Lib\site-packages\thehow\dependency_probe\reports
METHOD	pairwisedepd
