[Mean spearmanr for sents of len 5-50]
0.6111086690388511

[UUAS]
0.23581688200957565

[SPEARMANR]
sent_len	mean_spearmanr
2	0.9999999999999998
3	0.7586739902801984
4	0.5592416591060625
5	0.5232762342694328
6	0.6040328976888603
7	0.5218002296342388
8	0.5642896297801082
9	0.5400982259494692
10	0.5584035781921262
11	0.5806446728724037
12	0.580583759707072
13	0.5800600803076646
14	0.5801867796250423
15	0.5917730170048278
16	0.6110105491600522
17	0.6014433853636431
18	0.606858213803404
19	0.6193817261471516
20	0.6173533700347896
21	0.6343663695607168
22	0.6284183045468117
23	0.6381201174065113
24	0.6341246377067902
25	0.6147297484877029
26	0.6238384337082944
27	0.6271844059990647
28	0.6460402741729188
29	0.6509141308494537
30	0.6359741665349157
31	0.6423636157323391
32	0.6475438598476639
33	0.639376412373642
34	0.6518121128377897
35	0.6203870309732247
36	0.6280758440784449
37	0.6155980556537531
38	0.6459375601495526
39	0.615947988621461
40	0.6426910457380235
41	0.6395160005520012
42	0.6267405158333065
43	0.6087155051137254
44	0.6228569002911747
45	0.6317116039422257
46	0.613198293042042
47	0.58601520190979
48	0.6237075928504706
49	0.5997943222383693
50	0.5941023754946768
51	0.6554078551261842
52	0.6460884751754843
53	0.6209050997895232
54	0.5505139167286706
55	0.571621875070804
56	0.5610188450645838
57	0.561409238770473
58	0.6044189656308108
59	0.5996538722161501
60	0.26725082696103336
61	0.3984048353788957
62	0.6346845283022323
63	0.6809316110157536
64	0.4595293744142619
65	0.5801636636045736
66	0.638800030020199
67	0.32572498186821813
69	0.42428027924850314
90	0.30950215308594436
116	0.26889071522804725
118	0.31470340584036494

[EPOCH LOSSES]
0
1
2
3
4
5
6
7
8
9
10
11
12
13
14
15
16
17
18
19

[SETTINGS]
ROOT_PATH	C:\Program Files\Python311\Lib\site-packages\thehow\dependency_probe
MODEL_NAME	bert_large_uncased
MODEL_PATH	D:\transformers\bert\bert_large_uncased
MODEL_NLAYER	24
NDIM_TOKEN_EMBEDDING	1024
MODEL_CUDA	False
ONSITE_EMBEDDINGS	False
HIDDEN_LAYER	18
ONSITE_PROBES	True
LEARNING_RATE	0.001
PROBE_RANK	1
PROBE_CUDA	False
BATCH_SIZE	100
PROBE_SAVEPATH	C:\Program Files\Python311\Lib\site-packages\thehow\dependency_probe\probes
EPOCHS	20
PROBE_LOSS_POW	2
CONLL_ALIAS	wsj
CONLL_PATH	C:\Program Files\Python311\Lib\site-packages\thehow\dependency_probe\datasets\conll\wsj
TRAIN_CONLL_PATH	C:\Program Files\Python311\Lib\site-packages\thehow\dependency_probe\datasets\conll\wsj\en_wsj-ud-train.conllu
DEV_CONLL_PATH	C:\Program Files\Python311\Lib\site-packages\thehow\dependency_probe\datasets\conll\wsj\en_wsj-ud-dev.conllu
TEST_CONLL_PATH	C:\Program Files\Python311\Lib\site-packages\thehow\dependency_probe\datasets\conll\wsj\en_wsj-ud-test.conllu
DEPD_DIRECTED	False
DATASET_PKL_PATH	C:\Program Files\Python311\Lib\site-packages\thehow\dependency_probe\datasets\pkl
REPORTS_PATH	C:\Program Files\Python311\Lib\site-packages\thehow\dependency_probe\reports
METHOD	pairwisedepd
