[Mean spearmanr for sents of len 5-50]
0.6596709933898035

[UUAS]
0.26918956734658184

[SPEARMANR]
sent_len	mean_spearmanr
2	0.9999999999999998
3	0.8127280443342525
4	0.6160477096432802
5	0.5638896603827566
6	0.6467157640415048
7	0.575362310006535
8	0.6260488107274137
9	0.5958484331303175
10	0.6209934133386534
11	0.6477910084345014
12	0.6563457522653711
13	0.6502202297339433
14	0.638376511620564
15	0.6495984619401752
16	0.66502479236073
17	0.664391134384459
18	0.6661576767128148
19	0.668653725796669
20	0.6726138418735439
21	0.6835872313125939
22	0.6820319760626385
23	0.6941795077977558
24	0.6893856221264546
25	0.6647281578897691
26	0.6688957866207234
27	0.6857986615975313
28	0.686382320416018
29	0.7010470572815696
30	0.6791759188930196
31	0.683615410357329
32	0.6864202294738384
33	0.6716570218870767
34	0.7037604622098133
35	0.6649594895568133
36	0.6832205286795705
37	0.6728033329762912
38	0.6861869090873252
39	0.6539106268491557
40	0.6795516199614204
41	0.6666398148263614
42	0.6667764794478434
43	0.642667831241983
44	0.6629114161446947
45	0.6635396221100549
46	0.6595035165551992
47	0.6236214857527346
48	0.6577338831477036
49	0.6204023896593341
50	0.6517398592583941
51	0.6346349757713606
52	0.6765724162084759
53	0.6204441781293557
54	0.5478194912603985
55	0.6285110190259017
56	0.5638436547612664
57	0.560440021564138
58	0.6567798898264601
59	0.5938761435493306
60	0.20471381561235766
61	0.4574874305779784
62	0.6263323430188482
63	0.6514197463228589
64	0.4640503399370326
65	0.59487611883604
66	0.6930156548179449
67	0.4655636287170856
69	0.4083490943363565
90	0.2866565884778162
116	0.2528479488212096
118	0.23266670199460324

[EPOCH LOSSES]
0
1
2
3
4
5
6
7
8
9
10
11
12
13
14
15
16
17
18
19

[SETTINGS]
ROOT_PATH	C:\Program Files\Python311\Lib\site-packages\thehow\dependency_probe
MODEL_NAME	bert_large_uncased
MODEL_PATH	D:\transformers\bert\bert_large_uncased
MODEL_NLAYER	24
NDIM_TOKEN_EMBEDDING	1024
MODEL_CUDA	False
ONSITE_EMBEDDINGS	False
HIDDEN_LAYER	12
ONSITE_PROBES	True
LEARNING_RATE	0.001
PROBE_RANK	1
PROBE_CUDA	False
BATCH_SIZE	100
PROBE_SAVEPATH	C:\Program Files\Python311\Lib\site-packages\thehow\dependency_probe\probes
EPOCHS	20
PROBE_LOSS_POW	2
CONLL_ALIAS	wsj
CONLL_PATH	C:\Program Files\Python311\Lib\site-packages\thehow\dependency_probe\datasets\conll\wsj
TRAIN_CONLL_PATH	C:\Program Files\Python311\Lib\site-packages\thehow\dependency_probe\datasets\conll\wsj\en_wsj-ud-train.conllu
DEV_CONLL_PATH	C:\Program Files\Python311\Lib\site-packages\thehow\dependency_probe\datasets\conll\wsj\en_wsj-ud-dev.conllu
TEST_CONLL_PATH	C:\Program Files\Python311\Lib\site-packages\thehow\dependency_probe\datasets\conll\wsj\en_wsj-ud-test.conllu
DEPD_DIRECTED	False
DATASET_PKL_PATH	C:\Program Files\Python311\Lib\site-packages\thehow\dependency_probe\datasets\pkl
REPORTS_PATH	C:\Program Files\Python311\Lib\site-packages\thehow\dependency_probe\reports
METHOD	pairwisedepd
