[Mean spearmanr for sents of len 5-50]
0.6175732454929289

[UUAS]
0.25681554841389564

[SPEARMANR]
sent_len	mean_spearmanr
2	0.9999999999999998
3	0.8532685848747931
4	0.6379749253217514
5	0.6331223726287108
6	0.5791930801984553
7	0.5787938140253055
8	0.556452506971946
9	0.5561551957210628
10	0.5519078851215709
11	0.5681254249218926
12	0.5781969370085139
13	0.5979634065172685
14	0.5760051014839157
15	0.6100820710451218
16	0.6134273091809865
17	0.6088602948232847
18	0.606459784722975
19	0.6145498090995305
20	0.6116862168445312
21	0.6200790969511136
22	0.62415312422805
23	0.630115018336053
24	0.6268775507776556
25	0.6167142097324266
26	0.6197503492502985
27	0.642266606295298
28	0.6429361876867671
29	0.6410411866486693
30	0.6425433067531017
31	0.658599948055315
32	0.6471828843886916
33	0.6415455279842005
34	0.6609581593038943
35	0.6303177408225481
36	0.6576380415260157
37	0.6437556654745844
38	0.6439352437812481
39	0.6208707107561885
40	0.6459273662137333
41	0.6157646020582518
42	0.62966509004148
43	0.6061112876601026
44	0.646015206406418
45	0.6467408765748827
46	0.6258678051479053
47	0.5981436903252697
48	0.6181007258326787
49	0.5985820877790243
50	0.62518878556779
51	0.6227213516939029
52	0.6703300097822152
53	0.6158869637712502
54	0.5184903401825797
55	0.6372637481716792
56	0.5421803203703418
57	0.48513372494745316
58	0.6170240408819885
59	0.5862050923979679
60	0.1765963646971119
61	0.4339072567474813
62	0.6526421608017775
63	0.5684716666141757
64	0.44775172755328574
65	0.6119834724779463
66	0.5924962458513175
67	0.43068480188321406
69	0.40147591922452813
90	0.2272639598615523
116	0.16302116397414726
118	0.1573967383518876

[EPOCH LOSSES]
0
1
2
3
4
5
6
7
8
9
10
11
12
13
14
15
16
17
18
19

[SETTINGS]
ROOT_PATH	C:\Program Files\Python311\Lib\site-packages\thehow\dependency_probe
MODEL_NAME	bert_large_uncased
MODEL_PATH	D:\transformers\bert\bert_large_uncased
MODEL_NLAYER	24
NDIM_TOKEN_EMBEDDING	1024
MODEL_CUDA	False
ONSITE_EMBEDDINGS	False
HIDDEN_LAYER	8
ONSITE_PROBES	True
LEARNING_RATE	0.001
PROBE_RANK	1
PROBE_CUDA	False
BATCH_SIZE	100
PROBE_SAVEPATH	C:\Program Files\Python311\Lib\site-packages\thehow\dependency_probe\probes
EPOCHS	20
PROBE_LOSS_POW	2
CONLL_ALIAS	wsj
CONLL_PATH	C:\Program Files\Python311\Lib\site-packages\thehow\dependency_probe\datasets\conll\wsj
TRAIN_CONLL_PATH	C:\Program Files\Python311\Lib\site-packages\thehow\dependency_probe\datasets\conll\wsj\en_wsj-ud-train.conllu
DEV_CONLL_PATH	C:\Program Files\Python311\Lib\site-packages\thehow\dependency_probe\datasets\conll\wsj\en_wsj-ud-dev.conllu
TEST_CONLL_PATH	C:\Program Files\Python311\Lib\site-packages\thehow\dependency_probe\datasets\conll\wsj\en_wsj-ud-test.conllu
DEPD_DIRECTED	False
DATASET_PKL_PATH	C:\Program Files\Python311\Lib\site-packages\thehow\dependency_probe\datasets\pkl
REPORTS_PATH	C:\Program Files\Python311\Lib\site-packages\thehow\dependency_probe\reports
METHOD	pairwisedepd
