[Mean spearmanr for sents of len 5-50]
0.5973772144020592

[UUAS]
0.2270173367438403

[SPEARMANR]
sent_len	mean_spearmanr
2	0.9999999999999998
3	0.7721875037937119
4	0.559129390237516
5	0.5293703182978347
6	0.5770401173164409
7	0.4897768391401817
8	0.5431400784314776
9	0.5356171978884724
10	0.5452805238682082
11	0.5639554885461211
12	0.5637114859729249
13	0.5654612686086136
14	0.5601803184806013
15	0.576265181568084
16	0.588792538043421
17	0.576403383507677
18	0.593783232687964
19	0.5982985280667894
20	0.6026384791409195
21	0.6147821073632378
22	0.6130514548496511
23	0.6207784863969075
24	0.6208164479953067
25	0.5980749266219277
26	0.6072926644310198
27	0.6102726859512982
28	0.6309792665947288
29	0.6338524536577026
30	0.6205992582554324
31	0.6349642010895366
32	0.6318027008692311
33	0.6306474836649788
34	0.6404407454331473
35	0.6056463639811489
36	0.61552049326574
37	0.6068334434122783
38	0.6337328938142178
39	0.6053448041266846
40	0.6351150499024618
41	0.6237184089573599
42	0.6160313758158963
43	0.5933622323618819
44	0.613993765600902
45	0.6215962967737623
46	0.6005415265514606
47	0.5797526458850456
48	0.6188244455838336
49	0.5949488443040302
50	0.5963194094181795
51	0.6423048598430606
52	0.6290064324443262
53	0.6238492503598125
54	0.5427623503254367
55	0.5694917616619916
56	0.553831138380194
57	0.552065757543043
58	0.584696808586538
59	0.6010398086224855
60	0.286705638390862
61	0.3978042250064137
62	0.6326306951327628
63	0.6909175377516173
64	0.4513899093029517
65	0.5879196716293691
66	0.6110502883562645
67	0.35469618930812685
69	0.42837496712929
90	0.31475898466589697
116	0.3026993402860421
118	0.32321438204477704

[EPOCH LOSSES]
0
1
2
3
4
5
6
7
8
9
10
11
12
13
14
15
16
17
18
19

[SETTINGS]
ROOT_PATH	C:\Program Files\Python311\Lib\site-packages\thehow\dependency_probe
MODEL_NAME	bert_large_uncased
MODEL_PATH	D:\transformers\bert\bert_large_uncased
MODEL_NLAYER	24
NDIM_TOKEN_EMBEDDING	1024
MODEL_CUDA	False
ONSITE_EMBEDDINGS	False
HIDDEN_LAYER	19
ONSITE_PROBES	True
LEARNING_RATE	0.001
PROBE_RANK	1
PROBE_CUDA	False
BATCH_SIZE	100
PROBE_SAVEPATH	C:\Program Files\Python311\Lib\site-packages\thehow\dependency_probe\probes
EPOCHS	20
PROBE_LOSS_POW	2
CONLL_ALIAS	wsj
CONLL_PATH	C:\Program Files\Python311\Lib\site-packages\thehow\dependency_probe\datasets\conll\wsj
TRAIN_CONLL_PATH	C:\Program Files\Python311\Lib\site-packages\thehow\dependency_probe\datasets\conll\wsj\en_wsj-ud-train.conllu
DEV_CONLL_PATH	C:\Program Files\Python311\Lib\site-packages\thehow\dependency_probe\datasets\conll\wsj\en_wsj-ud-dev.conllu
TEST_CONLL_PATH	C:\Program Files\Python311\Lib\site-packages\thehow\dependency_probe\datasets\conll\wsj\en_wsj-ud-test.conllu
DEPD_DIRECTED	False
DATASET_PKL_PATH	C:\Program Files\Python311\Lib\site-packages\thehow\dependency_probe\datasets\pkl
REPORTS_PATH	C:\Program Files\Python311\Lib\site-packages\thehow\dependency_probe\reports
METHOD	pairwisedepd
