[Mean spearmanr for sents of len 5-50]
0.5924943277480823

[UUAS]
0.25636737281651034

[SPEARMANR]
sent_len	mean_spearmanr
2	0.9999999999999998
3	0.8307460623522706
4	0.7450864324181923
5	0.6326299357684626
6	0.5430505683158564
7	0.5406837525100591
8	0.5079386623651442
9	0.4936640316365883
10	0.4783297652228032
11	0.45946269163378783
12	0.5077370981260787
13	0.5196251166219789
14	0.4998956744186489
15	0.5528722750291027
16	0.5586925665408192
17	0.5676327577548058
18	0.5819924800655448
19	0.5837621304500479
20	0.5956356865941264
21	0.5876626416699577
22	0.6061698499503395
23	0.6084560461576307
24	0.616993034277266
25	0.5957758408176881
26	0.5991710132296953
27	0.6189428123708733
28	0.6326808768018646
29	0.6229876414278794
30	0.6278559522774855
31	0.6352459056508803
32	0.6232551920025655
33	0.625344444132213
34	0.640404765083492
35	0.6133167186515869
36	0.637843489348355
37	0.6294024291710295
38	0.6255167658803823
39	0.6009797367650684
40	0.6418887158902831
41	0.6269054746850319
42	0.628869158225914
43	0.6199856333609435
44	0.6500568403034468
45	0.6589111966684624
46	0.6409981437185992
47	0.6168101710611156
48	0.6070693707124886
49	0.5797416477465522
50	0.6118923753188409
51	0.62610577142622
52	0.6706457595273438
53	0.5643461897337343
54	0.589693102295839
55	0.6904777964638527
56	0.5671783614523671
57	0.6185507693568123
58	0.6738611967664135
59	0.6031318255492276
60	0.2251834525644157
61	0.47715194202777494
62	0.5522658796223697
63	0.5139925029440532
64	0.4296581952235199
65	0.5002118441727454
66	0.6020661951682741
67	0.6147978007692729
69	0.4168586814823317
90	0.17187726616659316
116	0.1923941083734207
118	0.12639562617222933

[EPOCH LOSSES]
0
1
2
3
4
5
6
7
8
9
10
11
12
13
14
15
16
17
18
19

[SETTINGS]
ROOT_PATH	C:\Program Files\Python311\Lib\site-packages\thehow\dependency_probe
MODEL_NAME	bert_large_uncased
MODEL_PATH	D:\transformers\bert\bert_large_uncased
MODEL_NLAYER	24
NDIM_TOKEN_EMBEDDING	1024
MODEL_CUDA	False
ONSITE_EMBEDDINGS	False
HIDDEN_LAYER	2
ONSITE_PROBES	True
LEARNING_RATE	0.001
PROBE_RANK	1
PROBE_CUDA	False
BATCH_SIZE	100
PROBE_SAVEPATH	C:\Program Files\Python311\Lib\site-packages\thehow\dependency_probe\probes
EPOCHS	20
PROBE_LOSS_POW	2
CONLL_ALIAS	wsj
CONLL_PATH	C:\Program Files\Python311\Lib\site-packages\thehow\dependency_probe\datasets\conll\wsj
TRAIN_CONLL_PATH	C:\Program Files\Python311\Lib\site-packages\thehow\dependency_probe\datasets\conll\wsj\en_wsj-ud-train.conllu
DEV_CONLL_PATH	C:\Program Files\Python311\Lib\site-packages\thehow\dependency_probe\datasets\conll\wsj\en_wsj-ud-dev.conllu
TEST_CONLL_PATH	C:\Program Files\Python311\Lib\site-packages\thehow\dependency_probe\datasets\conll\wsj\en_wsj-ud-test.conllu
DEPD_DIRECTED	False
DATASET_PKL_PATH	C:\Program Files\Python311\Lib\site-packages\thehow\dependency_probe\datasets\pkl
REPORTS_PATH	C:\Program Files\Python311\Lib\site-packages\thehow\dependency_probe\reports
METHOD	pairwisedepd
