[Mean spearmanr for sents of len 5-50]
0.577333935023644

[UUAS]
0.26137382217266786

[SPEARMANR]
sent_len	mean_spearmanr
2	0.9999999999999998
3	0.8757911073973156
4	0.6960028020958615
5	0.6055627726427536
6	0.5299086538807188
7	0.5309533152945403
8	0.45608551508556466
9	0.4472229166409757
10	0.46142709234665324
11	0.42407663538893037
12	0.44803466946868414
13	0.4642661139705434
14	0.4654245159372051
15	0.5061654889654814
16	0.5352113145630468
17	0.5459506962621492
18	0.5613691874163089
19	0.5722389333191196
20	0.583602685708755
21	0.5828205319478722
22	0.6029721230075286
23	0.6065710263323574
24	0.6147751504326494
25	0.5921837547402315
26	0.5931919405728646
27	0.6118783857490042
28	0.6348017891765488
29	0.6190461866697552
30	0.6240835313167802
31	0.6325120682354538
32	0.6192430840763824
33	0.6188735794034406
34	0.6308207793557303
35	0.6112763836954653
36	0.6371510894960571
37	0.6247664801836484
38	0.6250495562665728
39	0.5923297353878314
40	0.6370084977387961
41	0.6247389472747049
42	0.6241024790851895
43	0.6111573599075708
44	0.6363279905642504
45	0.6501647635340587
46	0.6211188006823332
47	0.5979062572105841
48	0.5917631423270192
49	0.561028926384876
50	0.5901961634406444
51	0.5988747850917319
52	0.6579025285825313
53	0.5260314274119134
54	0.5818665831576979
55	0.6688122845955923
56	0.553961388130241
57	0.608506469490482
58	0.6628163250929526
59	0.5933867554245489
60	0.18456310384758431
61	0.464810723973481
62	0.5166507258118334
63	0.45093386563630994
64	0.41387529843360576
65	0.4378995987908253
66	0.5903657723048434
67	0.6270807257724597
69	0.38316774077671706
90	0.06452810073434691
116	0.1323006689430179
118	0.05804688826537188

[EPOCH LOSSES]
0
1
2
3
4
5
6
7
8
9
10
11
12
13
14
15
16
17
18
19

[SETTINGS]
ROOT_PATH	C:\Program Files\Python311\Lib\site-packages\thehow\dependency_probe
MODEL_NAME	bert_large_uncased
MODEL_PATH	D:\transformers\bert\bert_large_uncased
MODEL_NLAYER	24
NDIM_TOKEN_EMBEDDING	1024
MODEL_CUDA	False
ONSITE_EMBEDDINGS	False
HIDDEN_LAYER	1
ONSITE_PROBES	True
LEARNING_RATE	0.001
PROBE_RANK	1
PROBE_CUDA	False
BATCH_SIZE	100
PROBE_SAVEPATH	C:\Program Files\Python311\Lib\site-packages\thehow\dependency_probe\probes
EPOCHS	20
PROBE_LOSS_POW	2
CONLL_ALIAS	wsj
CONLL_PATH	C:\Program Files\Python311\Lib\site-packages\thehow\dependency_probe\datasets\conll\wsj
TRAIN_CONLL_PATH	C:\Program Files\Python311\Lib\site-packages\thehow\dependency_probe\datasets\conll\wsj\en_wsj-ud-train.conllu
DEV_CONLL_PATH	C:\Program Files\Python311\Lib\site-packages\thehow\dependency_probe\datasets\conll\wsj\en_wsj-ud-dev.conllu
TEST_CONLL_PATH	C:\Program Files\Python311\Lib\site-packages\thehow\dependency_probe\datasets\conll\wsj\en_wsj-ud-test.conllu
DEPD_DIRECTED	False
DATASET_PKL_PATH	C:\Program Files\Python311\Lib\site-packages\thehow\dependency_probe\datasets\pkl
REPORTS_PATH	C:\Program Files\Python311\Lib\site-packages\thehow\dependency_probe\reports
METHOD	pairwisedepd
