[Mean spearmanr for sents of len 5-50]
0.46605783984211613

[UUAS]
0.1828775059574561

[SPEARMANR]
sent_len	mean_spearmanr
2	0.9999999999999998
3	0.7857010173072255
4	0.6491878552859369
5	0.5830519514649884
6	0.58969891026718
7	0.49862992256561234
8	0.5079630137069536
9	0.4992387491374934
10	0.487176089072268
11	0.49614111228424823
12	0.4913389175335377
13	0.4676722283657266
14	0.45667911605310474
15	0.4541624866659598
16	0.4637674861655875
17	0.4558247039793319
18	0.47636542903998935
19	0.4611222666887971
20	0.4545299375285858
21	0.4788126816809112
22	0.46072469764574486
23	0.4717653352944659
24	0.47837663152567306
25	0.44700677026699126
26	0.45196394792358374
27	0.45500221398836616
28	0.4678309009365491
29	0.46934202166318634
30	0.44896149549086845
31	0.46396311744516333
32	0.4617310219158813
33	0.4591881425631314
34	0.47657276907145096
35	0.4347622474420684
36	0.4674213448399013
37	0.42768935543623765
38	0.4521627914213257
39	0.4410894893738518
40	0.4570349980066025
41	0.4578928193941176
42	0.4552893107254385
43	0.43142965881676654
44	0.43728405535407394
45	0.4445960087811728
46	0.44216431837820575
47	0.4328895033378203
48	0.4593232108705664
49	0.43803974427381864
50	0.42498770835404465
51	0.39292791601427723
52	0.43416000164042207
53	0.47298734867070485
54	0.4185232584526101
55	0.418267800886125
56	0.4476107503330447
57	0.4234300542391129
58	0.42013287593233883
59	0.4415503733406611
60	0.23330906302289808
61	0.37090093264134244
62	0.4360340074352899
63	0.496057475904405
64	0.32179011552583797
65	0.4845746664819035
66	0.5119272798110793
67	0.2939756392685302
69	0.3609291332041226
90	0.2574303653023787
116	0.24894764357854762
118	0.22966421941635431

[EPOCH LOSSES]
0
1
2
3
4
5
6
7
8
9
10
11
12
13
14
15
16
17
18
19

[SETTINGS]
ROOT_PATH	C:\Program Files\Python311\Lib\site-packages\thehow\dependency_probe
MODEL_NAME	bert_large_uncased
MODEL_PATH	D:\transformers\bert\bert_large_uncased
MODEL_NLAYER	24
NDIM_TOKEN_EMBEDDING	1024
MODEL_CUDA	False
ONSITE_EMBEDDINGS	False
HIDDEN_LAYER	24
ONSITE_PROBES	True
LEARNING_RATE	0.001
PROBE_RANK	1
PROBE_CUDA	False
BATCH_SIZE	100
PROBE_SAVEPATH	C:\Program Files\Python311\Lib\site-packages\thehow\dependency_probe\probes
EPOCHS	20
PROBE_LOSS_POW	2
CONLL_ALIAS	wsj
CONLL_PATH	C:\Program Files\Python311\Lib\site-packages\thehow\dependency_probe\datasets\conll\wsj
TRAIN_CONLL_PATH	C:\Program Files\Python311\Lib\site-packages\thehow\dependency_probe\datasets\conll\wsj\en_wsj-ud-train.conllu
DEV_CONLL_PATH	C:\Program Files\Python311\Lib\site-packages\thehow\dependency_probe\datasets\conll\wsj\en_wsj-ud-dev.conllu
TEST_CONLL_PATH	C:\Program Files\Python311\Lib\site-packages\thehow\dependency_probe\datasets\conll\wsj\en_wsj-ud-test.conllu
DEPD_DIRECTED	False
DATASET_PKL_PATH	C:\Program Files\Python311\Lib\site-packages\thehow\dependency_probe\datasets\pkl
REPORTS_PATH	C:\Program Files\Python311\Lib\site-packages\thehow\dependency_probe\reports
METHOD	pairwisedepd
