[Mean spearmanr for sents of len 5-50]
0.6597737567377108

[UUAS]
0.2625653133949848

[SPEARMANR]
sent_len	mean_spearmanr
2	0.9999999999999998
3	0.781196512802721
4	0.6556388804882176
5	0.5421110489020341
6	0.6139219279690529
7	0.5528656019465967
8	0.6211796666360508
9	0.6033857817388221
10	0.6194312693915047
11	0.6356361904570422
12	0.6510939107779281
13	0.6533259502728949
14	0.6391203308192444
15	0.654118311206234
16	0.6655514130508384
17	0.6668304932356336
18	0.6678557329688329
19	0.667536845937013
20	0.6768625223255976
21	0.6869694137459895
22	0.6831750919889384
23	0.6901197159028343
24	0.6891867992489485
25	0.6729628728152663
26	0.6703578533029452
27	0.6845082564885778
28	0.69663012171384
29	0.703061824761263
30	0.6848905482949854
31	0.6843597823903568
32	0.6886084930909947
33	0.6812973722963862
34	0.7058810661573103
35	0.6712582693474358
36	0.6841150889979728
37	0.6701940559946301
38	0.6886703115079215
39	0.6557701474108242
40	0.6846679299792261
41	0.6663119242018113
42	0.6670939170355519
43	0.6449088744867114
44	0.6607987355348527
45	0.6702517003163311
46	0.6620577383358988
47	0.6194029877656813
48	0.6698318496347447
49	0.624920745412118
50	0.6565023241390235
51	0.6603739651651593
52	0.6933708509994383
53	0.6600943154376759
54	0.5611444992592879
55	0.6174517374343234
56	0.5948622769357895
57	0.594582010137556
58	0.6265618763642563
59	0.6083759266850469
60	0.24291704406968567
61	0.4434756181399224
62	0.6415213982953245
63	0.7035745490803406
64	0.4836986062706472
65	0.5925659598633859
66	0.7238222786982841
67	0.4276376607170595
69	0.4330408639886759
90	0.29949672415540984
116	0.2513980466403619
118	0.25237493048456205

[EPOCH LOSSES]
0
1
2
3
4
5
6
7
8
9
10
11
12
13
14
15
16
17
18
19

[SETTINGS]
ROOT_PATH	C:\Program Files\Python311\Lib\site-packages\thehow\dependency_probe
MODEL_NAME	bert_large_uncased
MODEL_PATH	D:\transformers\bert\bert_large_uncased
MODEL_NLAYER	24
NDIM_TOKEN_EMBEDDING	1024
MODEL_CUDA	False
ONSITE_EMBEDDINGS	False
HIDDEN_LAYER	15
ONSITE_PROBES	True
LEARNING_RATE	0.001
PROBE_RANK	1
PROBE_CUDA	False
BATCH_SIZE	100
PROBE_SAVEPATH	C:\Program Files\Python311\Lib\site-packages\thehow\dependency_probe\probes
EPOCHS	20
PROBE_LOSS_POW	2
CONLL_ALIAS	wsj
CONLL_PATH	C:\Program Files\Python311\Lib\site-packages\thehow\dependency_probe\datasets\conll\wsj
TRAIN_CONLL_PATH	C:\Program Files\Python311\Lib\site-packages\thehow\dependency_probe\datasets\conll\wsj\en_wsj-ud-train.conllu
DEV_CONLL_PATH	C:\Program Files\Python311\Lib\site-packages\thehow\dependency_probe\datasets\conll\wsj\en_wsj-ud-dev.conllu
TEST_CONLL_PATH	C:\Program Files\Python311\Lib\site-packages\thehow\dependency_probe\datasets\conll\wsj\en_wsj-ud-test.conllu
DEPD_DIRECTED	False
DATASET_PKL_PATH	C:\Program Files\Python311\Lib\site-packages\thehow\dependency_probe\datasets\pkl
REPORTS_PATH	C:\Program Files\Python311\Lib\site-packages\thehow\dependency_probe\reports
METHOD	pairwisedepd
