[Mean spearmanr for sents of len 5-50]
0.5080875110899004

[UUAS]
0.1929341291182965

[SPEARMANR]
sent_len	mean_spearmanr
2	0.9999999999999998
3	0.7766920082982165
4	0.605445692797541
5	0.5548339838983444
6	0.5412194217477087
7	0.47400058777444504
8	0.5220708962788433
9	0.5097559372294788
10	0.48181541050173676
11	0.5064761237732516
12	0.49926191317133123
13	0.48278611045549774
14	0.4745850106888746
15	0.4835955274237525
16	0.49049981578368945
17	0.4842540584418153
18	0.49943958466598287
19	0.5048897859450858
20	0.49518894791398815
21	0.5167723286241649
22	0.5072601105427789
23	0.5206804072677296
24	0.5238906912680885
25	0.49412148888202534
26	0.4979962187093237
27	0.5021808001406
28	0.523030271357881
29	0.5246070101380087
30	0.5066786472134396
31	0.5281587854631863
32	0.5195437081280713
33	0.5286451702950619
34	0.5346877485705034
35	0.5036556140739307
36	0.5305797690018724
37	0.48681090383450754
38	0.5088371033321788
39	0.5092709718489662
40	0.5224445239321731
41	0.5203742573225232
42	0.5242967155252406
43	0.49274294803376406
44	0.4984109267332746
45	0.5279629756776248
46	0.5012038800693017
47	0.4885052904109994
48	0.5257480702092014
49	0.5026420932315454
50	0.49561296460362675
51	0.5208617219226639
52	0.5306439589809286
53	0.54503440155436
54	0.45427246635573415
55	0.4865174919133392
56	0.49284404749684946
57	0.47099391349013503
58	0.4806131530853457
59	0.5143003681949339
60	0.28243189938125474
61	0.3721676068932083
62	0.5593893652464891
63	0.5925100745201951
64	0.36973240134244234
65	0.5581825966950734
66	0.553488616292632
67	0.2970799876787595
69	0.4192607409449585
90	0.2798533180988583
116	0.27220648411873527
118	0.2281225807281209

[EPOCH LOSSES]
0
1
2
3
4
5
6
7
8
9
10
11
12
13
14
15
16
17
18
19

[SETTINGS]
ROOT_PATH	C:\Program Files\Python311\Lib\site-packages\thehow\dependency_probe
MODEL_NAME	bert_large_uncased
MODEL_PATH	D:\transformers\bert\bert_large_uncased
MODEL_NLAYER	24
NDIM_TOKEN_EMBEDDING	1024
MODEL_CUDA	False
ONSITE_EMBEDDINGS	False
HIDDEN_LAYER	21
ONSITE_PROBES	True
LEARNING_RATE	0.001
PROBE_RANK	1
PROBE_CUDA	False
BATCH_SIZE	100
PROBE_SAVEPATH	C:\Program Files\Python311\Lib\site-packages\thehow\dependency_probe\probes
EPOCHS	20
PROBE_LOSS_POW	2
CONLL_ALIAS	wsj
CONLL_PATH	C:\Program Files\Python311\Lib\site-packages\thehow\dependency_probe\datasets\conll\wsj
TRAIN_CONLL_PATH	C:\Program Files\Python311\Lib\site-packages\thehow\dependency_probe\datasets\conll\wsj\en_wsj-ud-train.conllu
DEV_CONLL_PATH	C:\Program Files\Python311\Lib\site-packages\thehow\dependency_probe\datasets\conll\wsj\en_wsj-ud-dev.conllu
TEST_CONLL_PATH	C:\Program Files\Python311\Lib\site-packages\thehow\dependency_probe\datasets\conll\wsj\en_wsj-ud-test.conllu
DEPD_DIRECTED	False
DATASET_PKL_PATH	C:\Program Files\Python311\Lib\site-packages\thehow\dependency_probe\datasets\pkl
REPORTS_PATH	C:\Program Files\Python311\Lib\site-packages\thehow\dependency_probe\reports
METHOD	pairwisedepd
