[Mean spearmanr for sents of len 5-50]
0.6176290663501822

[UUAS]
0.2447803939572812

[SPEARMANR]
sent_len	mean_spearmanr
2	0.9999999999999998
3	0.835250566856775
4	0.6180422866428793
5	0.5522003841863431
6	0.5692602876548242
7	0.5325259112879911
8	0.5418315385208368
9	0.534505990993854
10	0.5561235682943658
11	0.5832037564233047
12	0.5866208732565651
13	0.5968903474651968
14	0.5872827616678706
15	0.609124520309073
16	0.6256700563067846
17	0.6186510027666844
18	0.6170878277831318
19	0.6212943299890328
20	0.6266278583664112
21	0.6302513488860717
22	0.6336729975898158
23	0.6457037222587114
24	0.644338566308937
25	0.6182505580505263
26	0.6238641700454354
27	0.6407037214929521
28	0.647105879179931
29	0.6552808144177505
30	0.6363123238469793
31	0.6410479657796256
32	0.6417092350984083
33	0.6251403788600446
34	0.667286804524299
35	0.6251216939764357
36	0.6522685396164263
37	0.6382304377810453
38	0.6510844426102237
39	0.6163318467514199
40	0.648659588057143
41	0.6419792630585597
42	0.6389566783791212
43	0.615251688135288
44	0.6400803285445333
45	0.6388808580477495
46	0.6369233680762046
47	0.6102349186134041
48	0.6336466222649086
49	0.5769223883771387
50	0.6367948882070268
51	0.6230783170393429
52	0.6424025646505013
53	0.6103650590588526
54	0.5370310904973508
55	0.6431768381545475
56	0.5386488296190933
57	0.5315263863856031
58	0.6530907778371111
59	0.5945008320474316
60	0.2024672503875363
61	0.46542011184149945
62	0.5926798360862645
63	0.5778746421860049
64	0.4552472116987841
65	0.6488061009315738
66	0.6705910625022292
67	0.5126969790240171
69	0.3770900544231086
90	0.1869199841338115
116	0.13893463857373056
118	0.154326451778813

[EPOCH LOSSES]
0
1
2
3
4
5
6
7
8
9
10
11
12
13
14
15
16
17
18
19

[SETTINGS]
ROOT_PATH	C:\Program Files\Python311\Lib\site-packages\thehow\dependency_probe
MODEL_NAME	bert_large_uncased
MODEL_PATH	D:\transformers\bert\bert_large_uncased
MODEL_NLAYER	24
NDIM_TOKEN_EMBEDDING	1024
MODEL_CUDA	False
ONSITE_EMBEDDINGS	False
HIDDEN_LAYER	5
ONSITE_PROBES	True
LEARNING_RATE	0.001
PROBE_RANK	1
PROBE_CUDA	False
BATCH_SIZE	100
PROBE_SAVEPATH	C:\Program Files\Python311\Lib\site-packages\thehow\dependency_probe\probes
EPOCHS	20
PROBE_LOSS_POW	2
CONLL_ALIAS	wsj
CONLL_PATH	C:\Program Files\Python311\Lib\site-packages\thehow\dependency_probe\datasets\conll\wsj
TRAIN_CONLL_PATH	C:\Program Files\Python311\Lib\site-packages\thehow\dependency_probe\datasets\conll\wsj\en_wsj-ud-train.conllu
DEV_CONLL_PATH	C:\Program Files\Python311\Lib\site-packages\thehow\dependency_probe\datasets\conll\wsj\en_wsj-ud-dev.conllu
TEST_CONLL_PATH	C:\Program Files\Python311\Lib\site-packages\thehow\dependency_probe\datasets\conll\wsj\en_wsj-ud-test.conllu
DEPD_DIRECTED	False
DATASET_PKL_PATH	C:\Program Files\Python311\Lib\site-packages\thehow\dependency_probe\datasets\pkl
REPORTS_PATH	C:\Program Files\Python311\Lib\site-packages\thehow\dependency_probe\reports
METHOD	pairwisedepd
