[Mean spearmanr for sents of len 5-50]
0.6549976119479449

[UUAS]
0.25614875057388337

[SPEARMANR]
sent_len	mean_spearmanr
2	0.9999999999999998
3	0.808223539829748
4	0.615081771189897
5	0.5171020075986184
6	0.6275140227782039
7	0.5293343783383401
8	0.5971220338117315
9	0.5895913987877897
10	0.6074803925217
11	0.6183307698537052
12	0.6331902206897361
13	0.6375787496373156
14	0.6354133916998086
15	0.6421321953213683
16	0.6572662976617509
17	0.6568110461574923
18	0.6618072553973968
19	0.663817706573768
20	0.6665763129792217
21	0.6833961207294175
22	0.678154209116388
23	0.6831921181370642
24	0.6835862652429694
25	0.6692832975858126
26	0.6678659802322263
27	0.6827393862137515
28	0.6941710496502447
29	0.7025524916449362
30	0.6826960802280403
31	0.6880406041838385
32	0.6907914084877508
33	0.6801055357474541
34	0.7054883316040204
35	0.6703667600530152
36	0.6828683633921929
37	0.6684060730528509
38	0.6879675420070454
39	0.6598492318778229
40	0.6824631971423843
41	0.6663629285236047
42	0.6703873782260611
43	0.645333215418325
44	0.6595645836275797
45	0.6714750368779351
46	0.6631275206573429
47	0.6258672159664972
48	0.6658465184388631
49	0.6261301471043473
50	0.6507433786277379
51	0.6763553440229216
52	0.691124910396849
53	0.6707528750139604
54	0.5719373144041245
55	0.6055612647156238
56	0.5900927055116588
57	0.5766338689609585
58	0.6181016352624084
59	0.6236400099924242
60	0.27726800851738126
61	0.44661060581176243
62	0.664045139250391
63	0.7019811008410499
64	0.4848186328762848
65	0.6242784439333384
66	0.7127280884385047
67	0.3755006306237485
69	0.42706008842838267
90	0.2930412161002474
116	0.26700335635207834
118	0.28664126720693506

[EPOCH LOSSES]
0
1
2
3
4
5
6
7
8
9
10
11
12
13
14
15
16
17
18
19

[SETTINGS]
ROOT_PATH	C:\Program Files\Python311\Lib\site-packages\thehow\dependency_probe
MODEL_NAME	bert_large_uncased
MODEL_PATH	D:\transformers\bert\bert_large_uncased
MODEL_NLAYER	24
NDIM_TOKEN_EMBEDDING	1024
MODEL_CUDA	False
ONSITE_EMBEDDINGS	False
HIDDEN_LAYER	16
ONSITE_PROBES	True
LEARNING_RATE	0.001
PROBE_RANK	1
PROBE_CUDA	False
BATCH_SIZE	100
PROBE_SAVEPATH	C:\Program Files\Python311\Lib\site-packages\thehow\dependency_probe\probes
EPOCHS	20
PROBE_LOSS_POW	2
CONLL_ALIAS	wsj
CONLL_PATH	C:\Program Files\Python311\Lib\site-packages\thehow\dependency_probe\datasets\conll\wsj
TRAIN_CONLL_PATH	C:\Program Files\Python311\Lib\site-packages\thehow\dependency_probe\datasets\conll\wsj\en_wsj-ud-train.conllu
DEV_CONLL_PATH	C:\Program Files\Python311\Lib\site-packages\thehow\dependency_probe\datasets\conll\wsj\en_wsj-ud-dev.conllu
TEST_CONLL_PATH	C:\Program Files\Python311\Lib\site-packages\thehow\dependency_probe\datasets\conll\wsj\en_wsj-ud-test.conllu
DEPD_DIRECTED	False
DATASET_PKL_PATH	C:\Program Files\Python311\Lib\site-packages\thehow\dependency_probe\datasets\pkl
REPORTS_PATH	C:\Program Files\Python311\Lib\site-packages\thehow\dependency_probe\reports
METHOD	pairwisedepd
