[Mean spearmanr for sents of len 5-50]
0.6329094978795481

[UUAS]
0.2806125795238408

[SPEARMANR]
sent_len	mean_spearmanr
2	0.9999999999999998
3	0.826241557847766
4	0.7467755528585682
5	0.630900106231536
6	0.5685156555167197
7	0.6054593849927632
8	0.5665668662088181
9	0.5670595594223267
10	0.5596345554259862
11	0.5848417987793278
12	0.5899304998008575
13	0.60143803582406
14	0.5896107187849966
15	0.6223014306996226
16	0.6195956337725806
17	0.6210687547768756
18	0.6150968335800516
19	0.6250969307124752
20	0.6304594016113451
21	0.626617307032395
22	0.6399720213067881
23	0.6448098033931643
24	0.6416686615814227
25	0.6288957585177608
26	0.634843117681335
27	0.6557320375366744
28	0.6609942984157504
29	0.6586363726059311
30	0.6550621046527926
31	0.6708238025407596
32	0.662306129535066
33	0.6548132527396755
34	0.6761087541027854
35	0.6444050407559998
36	0.6721806486330608
37	0.6614635920183594
38	0.6577887944040489
39	0.633996469619608
40	0.6661383919008548
41	0.6359924573351197
42	0.6514124923342652
43	0.6287715689956385
44	0.6727587164231039
45	0.6715826761009331
46	0.6548420428413505
47	0.6323012634789135
48	0.651584372903086
49	0.6197333784286717
50	0.6500254085035493
51	0.6688559700535368
52	0.6919853790163248
53	0.6520550549770668
54	0.5497440581000835
55	0.6565573440785297
56	0.5691964264261932
57	0.5316590000579324
58	0.6567677514790691
59	0.6115061030411384
60	0.1891364143818572
61	0.48080871319155927
62	0.6783706246914852
63	0.5776106475759859
64	0.46651453210093624
65	0.6568803965170542
66	0.6654528531511141
67	0.47403046925827375
69	0.38546267482561325
90	0.1986354284971213
116	0.1407151656462244
118	0.1523427537605905

[EPOCH LOSSES]
0
1
2
3
4
5
6
7
8
9
10
11
12
13
14
15
16
17
18
19

[SETTINGS]
ROOT_PATH	C:\Program Files\Python311\Lib\site-packages\thehow\dependency_probe
MODEL_NAME	bert_large_uncased
MODEL_PATH	D:\transformers\bert\bert_large_uncased
MODEL_NLAYER	24
NDIM_TOKEN_EMBEDDING	1024
MODEL_CUDA	False
ONSITE_EMBEDDINGS	False
HIDDEN_LAYER	4
ONSITE_PROBES	True
LEARNING_RATE	0.001
PROBE_RANK	1
PROBE_CUDA	False
BATCH_SIZE	100
PROBE_SAVEPATH	C:\Program Files\Python311\Lib\site-packages\thehow\dependency_probe\probes
EPOCHS	20
PROBE_LOSS_POW	2
CONLL_ALIAS	wsj
CONLL_PATH	C:\Program Files\Python311\Lib\site-packages\thehow\dependency_probe\datasets\conll\wsj
TRAIN_CONLL_PATH	C:\Program Files\Python311\Lib\site-packages\thehow\dependency_probe\datasets\conll\wsj\en_wsj-ud-train.conllu
DEV_CONLL_PATH	C:\Program Files\Python311\Lib\site-packages\thehow\dependency_probe\datasets\conll\wsj\en_wsj-ud-dev.conllu
TEST_CONLL_PATH	C:\Program Files\Python311\Lib\site-packages\thehow\dependency_probe\datasets\conll\wsj\en_wsj-ud-test.conllu
DEPD_DIRECTED	False
DATASET_PKL_PATH	C:\Program Files\Python311\Lib\site-packages\thehow\dependency_probe\datasets\pkl
REPORTS_PATH	C:\Program Files\Python311\Lib\site-packages\thehow\dependency_probe\reports
METHOD	pairwisedepd
