[Mean spearmanr for sents of len 5-50]
0.7540062506866998

[UUAS]
0.4666710391115192

[SPEARMANR]
sent_len	mean_spearmanr
2	0.9999999999999998
3	0.817232548838757
4	0.7475796536676911
5	0.6369237596894041
6	0.6933409518376519
7	0.7259014807786407
8	0.6943830447628173
9	0.7407138273629141
10	0.7408236046130765
11	0.7430937344037492
12	0.7566795069765508
13	0.7639085882000392
14	0.7323210422929409
15	0.7547439148106925
16	0.7645419524958735
17	0.7604072201381536
18	0.7628203279595746
19	0.7682525453852853
20	0.7593352858517293
21	0.7651412150129858
22	0.7734061743640006
23	0.766225468804113
24	0.7678272099919166
25	0.7742065919688744
26	0.7689200721922487
27	0.7737439232120983
28	0.7838981813035905
29	0.7746416362736162
30	0.7655442981256404
31	0.780364707317373
32	0.7727985136930512
33	0.7747700285686109
34	0.7875906839181184
35	0.761123479723721
36	0.7723581020255736
37	0.7737981683742972
38	0.7681115811907364
39	0.7606946249030414
40	0.7672283854010002
41	0.7448003300515441
42	0.7556781544843288
43	0.7468882904254195
44	0.7627331410368605
45	0.7728436568030668
46	0.762482568769569
47	0.7299989579339087
48	0.7484389025225041
49	0.7016588825583823
50	0.7281808130788989
51	0.7976578842365724
52	0.7587963038496819
53	0.7340925086936578
54	0.7006829978731509
55	0.7130461359063194
56	0.6626202494188321
57	0.6876956012543112
58	0.6832969501449438
59	0.6842865036963747
60	0.31496272207143877
61	0.6159621246971112
62	0.7839045237849654
63	0.7301226612655731
64	0.6062400341730887
65	0.7043877188510477
66	0.6980144377956655
67	0.5539925681242801
69	0.6312413994777987
90	0.441700054213336
116	0.4138369633876284
118	0.37763357173872747

[EPOCH LOSSES]
0
1
2
3
4
5
6
7
8
9
10
11
12
13
14
15
16
17
18
19

[SETTINGS]
ROOT_PATH	C:\Program Files\Python311\Lib\site-packages\thehow\dependency_probe
MODEL_NAME	bert_large_uncased
MODEL_PATH	D:\transformers\bert\bert_large_uncased
MODEL_NLAYER	24
NDIM_TOKEN_EMBEDDING	1024
MODEL_CUDA	False
ONSITE_EMBEDDINGS	False
HIDDEN_LAYER	15
ONSITE_PROBES	True
LEARNING_RATE	0.001
PROBE_RANK	4
PROBE_CUDA	False
BATCH_SIZE	100
PROBE_SAVEPATH	C:\Program Files\Python311\Lib\site-packages\thehow\dependency_probe\probes
EPOCHS	20
PROBE_LOSS_POW	2
CONLL_ALIAS	wsj
CONLL_PATH	C:\Program Files\Python311\Lib\site-packages\thehow\dependency_probe\datasets\conll\wsj
TRAIN_CONLL_PATH	C:\Program Files\Python311\Lib\site-packages\thehow\dependency_probe\datasets\conll\wsj\en_wsj-ud-train.conllu
DEV_CONLL_PATH	C:\Program Files\Python311\Lib\site-packages\thehow\dependency_probe\datasets\conll\wsj\en_wsj-ud-dev.conllu
TEST_CONLL_PATH	C:\Program Files\Python311\Lib\site-packages\thehow\dependency_probe\datasets\conll\wsj\en_wsj-ud-test.conllu
DEPD_DIRECTED	False
DATASET_PKL_PATH	C:\Program Files\Python311\Lib\site-packages\thehow\dependency_probe\datasets\pkl
REPORTS_PATH	C:\Program Files\Python311\Lib\site-packages\thehow\dependency_probe\reports
METHOD	pairwisedepd
