[Mean spearmanr for sents of len 5-50]
0.6744511588061626

[UUAS]
0.401499748584421

[SPEARMANR]
sent_len	mean_spearmanr
2	0.9999999999999998
3	0.844259575865784
4	0.7508456256798965
5	0.6532160897686623
6	0.6421788482294842
7	0.6716734105469404
8	0.6677654942914693
9	0.6674587117019934
10	0.685691029019645
11	0.6699262772175827
12	0.6923576162831544
13	0.6880988278798794
14	0.6666378804700862
15	0.6829761921220241
16	0.6872427120646389
17	0.6822537023063606
18	0.6783359932507751
19	0.6784695104555137
20	0.6876491183867584
21	0.6782607500347488
22	0.6848561733937137
23	0.6775599701929498
24	0.6861061049632701
25	0.6672975464766642
26	0.6708660331005266
27	0.6821042849931764
28	0.6942618893101568
29	0.688348129374466
30	0.6764069713162937
31	0.6942152027450545
32	0.6844185685264588
33	0.6766426030540923
34	0.6967367824089059
35	0.6562184287223247
36	0.6877724330790657
37	0.6811033753460974
38	0.6761416612389775
39	0.6493670442792776
40	0.6765110805060022
41	0.6477784062328971
42	0.662454114425086
43	0.650519407771835
44	0.6796549890661474
45	0.6831592190450105
46	0.6892081461823801
47	0.6600220085755552
48	0.6649651523597044
49	0.6204800377425581
50	0.6793853766251126
51	0.6652962232163355
52	0.7000782503227084
53	0.6238213276983137
54	0.5886274300410433
55	0.6415268366343244
56	0.6067757101138691
57	0.6012874841838991
58	0.6280545430365035
59	0.6143068561283291
60	0.16479230109163692
61	0.5229445724082965
62	0.6012518770388272
63	0.5027599232148428
64	0.4665886565024577
65	0.5823060009956524
66	0.6300970524047189
67	0.4941711297624215
69	0.31435869130149546
90	0.2180573937146586
116	0.23628380658070056
118	0.21006049455505507

[EPOCH LOSSES]
0
1
2
3
4
5
6
7
8
9
10
11
12
13
14
15
16
17
18
19

[SETTINGS]
ROOT_PATH	C:\Program Files\Python311\Lib\site-packages\thehow\dependency_probe
MODEL_NAME	bert_large_uncased
MODEL_PATH	D:\transformers\bert\bert_large_uncased
MODEL_NLAYER	24
NDIM_TOKEN_EMBEDDING	1024
MODEL_CUDA	False
ONSITE_EMBEDDINGS	False
HIDDEN_LAYER	3
ONSITE_PROBES	True
LEARNING_RATE	0.001
PROBE_RANK	4
PROBE_CUDA	False
BATCH_SIZE	100
PROBE_SAVEPATH	C:\Program Files\Python311\Lib\site-packages\thehow\dependency_probe\probes
EPOCHS	20
PROBE_LOSS_POW	2
CONLL_ALIAS	wsj
CONLL_PATH	C:\Program Files\Python311\Lib\site-packages\thehow\dependency_probe\datasets\conll\wsj
TRAIN_CONLL_PATH	C:\Program Files\Python311\Lib\site-packages\thehow\dependency_probe\datasets\conll\wsj\en_wsj-ud-train.conllu
DEV_CONLL_PATH	C:\Program Files\Python311\Lib\site-packages\thehow\dependency_probe\datasets\conll\wsj\en_wsj-ud-dev.conllu
TEST_CONLL_PATH	C:\Program Files\Python311\Lib\site-packages\thehow\dependency_probe\datasets\conll\wsj\en_wsj-ud-test.conllu
DEPD_DIRECTED	False
DATASET_PKL_PATH	C:\Program Files\Python311\Lib\site-packages\thehow\dependency_probe\datasets\pkl
REPORTS_PATH	C:\Program Files\Python311\Lib\site-packages\thehow\dependency_probe\reports
METHOD	pairwisedepd
