[Mean spearmanr for sents of len 5-50]
0.7033900735637041

[UUAS]
0.4310356135633239

[SPEARMANR]
sent_len	mean_spearmanr
2	0.9999999999999998
3	0.7766920082982165
4	0.6724178160234308
5	0.6490387438559
6	0.6772733613478745
7	0.6813223081570209
8	0.6399994528331983
9	0.6847409761995797
10	0.6663434157778294
11	0.676835570506969
12	0.6760167706092075
13	0.6959034320441708
14	0.6718011662616679
15	0.7027961603885308
16	0.6977434752314365
17	0.6889961603986834
18	0.6932157045275429
19	0.7061015838784119
20	0.7002950733312625
21	0.7068888246021947
22	0.7115234941295326
23	0.7103339649190878
24	0.7127184217973973
25	0.7131655834792572
26	0.7179268535224247
27	0.7207934100488109
28	0.7260059475665195
29	0.7216122987637703
30	0.7131353736915328
31	0.7272286751309616
32	0.7297781227666887
33	0.731204204808566
34	0.7376485878016212
35	0.7005242994116654
36	0.7155552843622123
37	0.7283454722374048
38	0.7191304160280804
39	0.7136230339642367
40	0.721388937453767
41	0.7110337538878438
42	0.7091480265960834
43	0.7147992554836045
44	0.7305383100725201
45	0.7301886994420237
46	0.7178594318872421
47	0.7041602166101044
48	0.6968736181699987
49	0.667682060572474
50	0.6867054493734716
51	0.7676283875061387
52	0.6976502103642417
53	0.6961302863713393
54	0.6621769308571372
55	0.6986632600339674
56	0.615422525125358
57	0.6586102832526967
58	0.6317405150163256
59	0.6477519703732146
60	0.3223546852486983
61	0.6026222653968681
62	0.7674228298063501
63	0.6866867070010305
64	0.582091620881617
65	0.6623589340060706
66	0.7056403127672046
67	0.5714327871042637
69	0.5741624615226214
90	0.4454231688375129
116	0.3929430044863967
118	0.3739340919043088

[EPOCH LOSSES]
0
1
2
3
4
5
6
7
8
9
10
11
12
13
14
15
16
17
18
19

[SETTINGS]
ROOT_PATH	C:\Program Files\Python311\Lib\site-packages\thehow\dependency_probe
MODEL_NAME	bert_large_uncased
MODEL_PATH	D:\transformers\bert\bert_large_uncased
MODEL_NLAYER	24
NDIM_TOKEN_EMBEDDING	1024
MODEL_CUDA	False
ONSITE_EMBEDDINGS	False
HIDDEN_LAYER	20
ONSITE_PROBES	True
LEARNING_RATE	0.001
PROBE_RANK	4
PROBE_CUDA	False
BATCH_SIZE	100
PROBE_SAVEPATH	C:\Program Files\Python311\Lib\site-packages\thehow\dependency_probe\probes
EPOCHS	20
PROBE_LOSS_POW	2
CONLL_ALIAS	wsj
CONLL_PATH	C:\Program Files\Python311\Lib\site-packages\thehow\dependency_probe\datasets\conll\wsj
TRAIN_CONLL_PATH	C:\Program Files\Python311\Lib\site-packages\thehow\dependency_probe\datasets\conll\wsj\en_wsj-ud-train.conllu
DEV_CONLL_PATH	C:\Program Files\Python311\Lib\site-packages\thehow\dependency_probe\datasets\conll\wsj\en_wsj-ud-dev.conllu
TEST_CONLL_PATH	C:\Program Files\Python311\Lib\site-packages\thehow\dependency_probe\datasets\conll\wsj\en_wsj-ud-test.conllu
DEPD_DIRECTED	False
DATASET_PKL_PATH	C:\Program Files\Python311\Lib\site-packages\thehow\dependency_probe\datasets\pkl
REPORTS_PATH	C:\Program Files\Python311\Lib\site-packages\thehow\dependency_probe\reports
METHOD	pairwisedepd
