[Mean spearmanr for sents of len 5-50]
0.753214773080046

[UUAS]
0.45904112284383813

[SPEARMANR]
sent_len	mean_spearmanr
2	0.9999999999999998
3	0.8667820983883066
4	0.7254592502985432
5	0.6571528470088945
6	0.71143473787992
7	0.7306210589380164
8	0.6914548833937144
9	0.7205003970536062
10	0.7307018847014244
11	0.7303922962306253
12	0.7550940800549356
13	0.7546036319214241
14	0.7393510808224527
15	0.7490143394460949
16	0.7603954114380326
17	0.7572104654698119
18	0.7595123697302596
19	0.7655293380636828
20	0.7603715329455855
21	0.7611377808767721
22	0.773354758454221
23	0.764822314268988
24	0.7667150830568136
25	0.7739201820255456
26	0.7664679254648057
27	0.7741018746750565
28	0.7863964354061624
29	0.7794023217481364
30	0.7638348423875231
31	0.7745017877566753
32	0.7764303708776544
33	0.7686190197761875
34	0.7896637597057878
35	0.7606667126954734
36	0.7724147640782817
37	0.76955799296111
38	0.771592716595461
39	0.7578681903304604
40	0.7717534401545886
41	0.7544601173887331
42	0.7519062448358855
43	0.7428715896782647
44	0.7647222024529926
45	0.7622028785287889
46	0.759631601166098
47	0.7319738476804256
48	0.7503869127112771
49	0.7020583452331163
50	0.731103193612343
51	0.7782884317932199
52	0.7332546794018276
53	0.7214866625983034
54	0.7029061124894106
55	0.7095389990878699
56	0.6524018478590163
57	0.6714342573622598
58	0.696767400862208
59	0.6794798984056305
60	0.33915960763732994
61	0.6192080627962662
62	0.7480785503757477
63	0.7542769299404102
64	0.6247896199668518
65	0.7515881827320271
66	0.7127260937353885
67	0.5936165017962456
69	0.6396693664317458
90	0.4720852405030764
116	0.45273777968700746
118	0.39099725029546134

[EPOCH LOSSES]
0
1
2
3
4
5
6
7
8
9
10
11
12
13
14
15
16
17
18
19

[SETTINGS]
ROOT_PATH	C:\Program Files\Python311\Lib\site-packages\thehow\dependency_probe
MODEL_NAME	bert_large_uncased
MODEL_PATH	D:\transformers\bert\bert_large_uncased
MODEL_NLAYER	24
NDIM_TOKEN_EMBEDDING	1024
MODEL_CUDA	False
ONSITE_EMBEDDINGS	False
HIDDEN_LAYER	13
ONSITE_PROBES	True
LEARNING_RATE	0.001
PROBE_RANK	4
PROBE_CUDA	False
BATCH_SIZE	100
PROBE_SAVEPATH	C:\Program Files\Python311\Lib\site-packages\thehow\dependency_probe\probes
EPOCHS	20
PROBE_LOSS_POW	2
CONLL_ALIAS	wsj
CONLL_PATH	C:\Program Files\Python311\Lib\site-packages\thehow\dependency_probe\datasets\conll\wsj
TRAIN_CONLL_PATH	C:\Program Files\Python311\Lib\site-packages\thehow\dependency_probe\datasets\conll\wsj\en_wsj-ud-train.conllu
DEV_CONLL_PATH	C:\Program Files\Python311\Lib\site-packages\thehow\dependency_probe\datasets\conll\wsj\en_wsj-ud-dev.conllu
TEST_CONLL_PATH	C:\Program Files\Python311\Lib\site-packages\thehow\dependency_probe\datasets\conll\wsj\en_wsj-ud-test.conllu
DEPD_DIRECTED	False
DATASET_PKL_PATH	C:\Program Files\Python311\Lib\site-packages\thehow\dependency_probe\datasets\pkl
REPORTS_PATH	C:\Program Files\Python311\Lib\site-packages\thehow\dependency_probe\reports
METHOD	pairwisedepd
