[Mean spearmanr for sents of len 5-50]
0.6288660578391758

[UUAS]
0.38554032487265255

[SPEARMANR]
sent_len	mean_spearmanr
2	0.9999999999999998
3	0.7947100263162344
4	0.6650504211434807
5	0.6274189373270109
6	0.6335061777281208
7	0.6303146178645816
8	0.6249855869256336
9	0.6272773411136737
10	0.6238008477000675
11	0.6161035472550104
12	0.6274324674024451
13	0.6351550169083905
14	0.6317635453738649
15	0.636324024963853
16	0.631916266019682
17	0.6226151833146687
18	0.6268305188966913
19	0.6326810981486343
20	0.6272399368560089
21	0.6333049202364589
22	0.6270347146372753
23	0.6309988672788257
24	0.6348792940139668
25	0.6283021912108203
26	0.6373163140299508
27	0.6281215678999682
28	0.6393046813494347
29	0.6400014461202207
30	0.621369499480689
31	0.644128460188883
32	0.6460748265178803
33	0.6482538148287206
34	0.6536184619526927
35	0.6175819707072226
36	0.6290304844425905
37	0.6325903093023727
38	0.6126971595929325
39	0.6307418478521477
40	0.6427581993798955
41	0.6070965385570372
42	0.6376491881483395
43	0.6242195814346277
44	0.6377480322550535
45	0.6373303152080927
46	0.6370879323202667
47	0.6114257137834005
48	0.6125190165902453
49	0.5930727234300727
50	0.5962154740536674
51	0.6663526925082132
52	0.6015562367300735
53	0.630890346382062
54	0.5729365058053836
55	0.6149208533106862
56	0.5678918148733588
57	0.5950221635604124
58	0.5535067449738358
59	0.5616818183076618
60	0.3106001031598506
61	0.5687860039847077
62	0.6749297280998929
63	0.5622486207201425
64	0.5044273171818081
65	0.6114019505177578
66	0.6150210126375032
67	0.46566175851183544
69	0.5255932642251135
90	0.4073976573838975
116	0.3336585774329271
118	0.35484799871331024

[EPOCH LOSSES]
0
1
2
3
4
5
6
7
8
9
10
11
12
13
14
15
16
17
18
19

[SETTINGS]
ROOT_PATH	C:\Program Files\Python311\Lib\site-packages\thehow\dependency_probe
MODEL_NAME	bert_large_uncased
MODEL_PATH	D:\transformers\bert\bert_large_uncased
MODEL_NLAYER	24
NDIM_TOKEN_EMBEDDING	1024
MODEL_CUDA	False
ONSITE_EMBEDDINGS	False
HIDDEN_LAYER	21
ONSITE_PROBES	True
LEARNING_RATE	0.001
PROBE_RANK	4
PROBE_CUDA	False
BATCH_SIZE	100
PROBE_SAVEPATH	C:\Program Files\Python311\Lib\site-packages\thehow\dependency_probe\probes
EPOCHS	20
PROBE_LOSS_POW	2
CONLL_ALIAS	wsj
CONLL_PATH	C:\Program Files\Python311\Lib\site-packages\thehow\dependency_probe\datasets\conll\wsj
TRAIN_CONLL_PATH	C:\Program Files\Python311\Lib\site-packages\thehow\dependency_probe\datasets\conll\wsj\en_wsj-ud-train.conllu
DEV_CONLL_PATH	C:\Program Files\Python311\Lib\site-packages\thehow\dependency_probe\datasets\conll\wsj\en_wsj-ud-dev.conllu
TEST_CONLL_PATH	C:\Program Files\Python311\Lib\site-packages\thehow\dependency_probe\datasets\conll\wsj\en_wsj-ud-test.conllu
DEPD_DIRECTED	False
DATASET_PKL_PATH	C:\Program Files\Python311\Lib\site-packages\thehow\dependency_probe\datasets\pkl
REPORTS_PATH	C:\Program Files\Python311\Lib\site-packages\thehow\dependency_probe\reports
METHOD	pairwisedepd
