[Mean spearmanr for sents of len 5-50]
0.589852816783911

[UUAS]
0.3611311514833519

[SPEARMANR]
sent_len	mean_spearmanr
2	0.9999999999999998
3	0.7766920082982165
4	0.6850953286908993
5	0.6238411654379026
6	0.6202561397110116
7	0.617948762332942
8	0.5997955739342795
9	0.5985393322597039
10	0.5823478063378102
11	0.5787269978433376
12	0.5978463764307284
13	0.5940582360542636
14	0.5976825601337946
15	0.5944881030794176
16	0.583232566807961
17	0.5829261670198999
18	0.5867599650794372
19	0.5877736405693119
20	0.5903752858095334
21	0.5917106417898303
22	0.5865645721483501
23	0.5863563585045802
24	0.5868037245636684
25	0.5860819670801242
26	0.5983831751564266
27	0.5880787518953392
28	0.5943520274444571
29	0.5905712621913857
30	0.5774328902044402
31	0.5970458282458374
32	0.6023942283438812
33	0.6065856229580798
34	0.6085003487851174
35	0.5725940333194875
36	0.5847922045143134
37	0.5917805614106458
38	0.5672765010348642
39	0.5869463757983582
40	0.5941692307847579
41	0.5706536186448231
42	0.596409483732728
43	0.5824717387171884
44	0.591980589240099
45	0.5981508935879177
46	0.5938958103422125
47	0.5725461595067668
48	0.5757788808569678
49	0.560368365392929
50	0.5559550470229956
51	0.6277825825165163
52	0.5684249593312892
53	0.592405908955987
54	0.5206118093278165
55	0.5677383458449093
56	0.5514052645548182
57	0.570358911939127
58	0.5387615492786292
59	0.5398006662706629
60	0.2854172776850367
61	0.5601478609395307
62	0.6289019776141234
63	0.511529840779902
64	0.4749896011607678
65	0.5729910229029541
66	0.5803957949726959
67	0.47607898804688487
69	0.49613003873355255
90	0.41784104145441847
116	0.33066211195256473
118	0.34927383650104576

[EPOCH LOSSES]
0
1
2
3
4
5
6
7
8
9
10
11
12
13
14
15
16
17
18
19

[SETTINGS]
ROOT_PATH	C:\Program Files\Python311\Lib\site-packages\thehow\dependency_probe
MODEL_NAME	bert_large_uncased
MODEL_PATH	D:\transformers\bert\bert_large_uncased
MODEL_NLAYER	24
NDIM_TOKEN_EMBEDDING	1024
MODEL_CUDA	False
ONSITE_EMBEDDINGS	False
HIDDEN_LAYER	23
ONSITE_PROBES	True
LEARNING_RATE	0.001
PROBE_RANK	4
PROBE_CUDA	False
BATCH_SIZE	100
PROBE_SAVEPATH	C:\Program Files\Python311\Lib\site-packages\thehow\dependency_probe\probes
EPOCHS	20
PROBE_LOSS_POW	2
CONLL_ALIAS	wsj
CONLL_PATH	C:\Program Files\Python311\Lib\site-packages\thehow\dependency_probe\datasets\conll\wsj
TRAIN_CONLL_PATH	C:\Program Files\Python311\Lib\site-packages\thehow\dependency_probe\datasets\conll\wsj\en_wsj-ud-train.conllu
DEV_CONLL_PATH	C:\Program Files\Python311\Lib\site-packages\thehow\dependency_probe\datasets\conll\wsj\en_wsj-ud-dev.conllu
TEST_CONLL_PATH	C:\Program Files\Python311\Lib\site-packages\thehow\dependency_probe\datasets\conll\wsj\en_wsj-ud-test.conllu
DEPD_DIRECTED	False
DATASET_PKL_PATH	C:\Program Files\Python311\Lib\site-packages\thehow\dependency_probe\datasets\pkl
REPORTS_PATH	C:\Program Files\Python311\Lib\site-packages\thehow\dependency_probe\reports
METHOD	pairwisedepd
