[Mean spearmanr for sents of len 5-50]
0.5802576245266754

[UUAS]
0.36122953149253406

[SPEARMANR]
sent_len	mean_spearmanr
2	0.9999999999999998
3	0.7766920082982165
4	0.6774538272981423
5	0.6126037727612246
6	0.6176214498334285
7	0.6096017494584197
8	0.5718434006286456
9	0.5843102147087514
10	0.5848632576946349
11	0.5820470056243963
12	0.5882720888364036
13	0.5851390858585336
14	0.5900860292037733
15	0.583668803552754
16	0.5841180744536284
17	0.5718716225782614
18	0.5836453106824834
19	0.579166481279995
20	0.5860866686382142
21	0.5836173395772739
22	0.5758976255465145
23	0.5792561237558728
24	0.5801818255809502
25	0.5795165883400368
26	0.5861236350333112
27	0.5784032477716403
28	0.5874962279027414
29	0.5849725406750049
30	0.5698980684667417
31	0.5879610081760351
32	0.5923015054166425
33	0.593342540364811
34	0.596894728578955
35	0.5677128891898775
36	0.5750297905279735
37	0.5850318140229717
38	0.5591454131197785
39	0.5723198538021936
40	0.5789359403244485
41	0.5551184777286692
42	0.5829676609566316
43	0.5778626598151684
44	0.5811841330290247
45	0.5781398872331068
46	0.5808041983186816
47	0.5619598961690295
48	0.5553738751638575
49	0.545898979421663
50	0.5435572384239149
51	0.6125768936699831
52	0.5526840159445002
53	0.5724874350489708
54	0.5210601018102385
55	0.5401173649520518
56	0.5392388429463304
57	0.5226300052084025
58	0.5079193795650824
59	0.5298974004643449
60	0.2872267476540185
61	0.5317728237362098
62	0.5947052642238075
63	0.5067133270174792
64	0.4704113855829761
65	0.5099997994028165
66	0.5515957189867464
67	0.44661550769758673
69	0.4733200357843018
90	0.4013329401455087
116	0.29848793762045867
118	0.3384414856648864

[EPOCH LOSSES]
0
1
2
3
4
5
6
7
8
9
10
11
12
13
14
15
16
17
18
19

[SETTINGS]
ROOT_PATH	C:\Program Files\Python311\Lib\site-packages\thehow\dependency_probe
MODEL_NAME	bert_large_uncased
MODEL_PATH	D:\transformers\bert\bert_large_uncased
MODEL_NLAYER	24
NDIM_TOKEN_EMBEDDING	1024
MODEL_CUDA	False
ONSITE_EMBEDDINGS	False
HIDDEN_LAYER	24
ONSITE_PROBES	True
LEARNING_RATE	0.001
PROBE_RANK	4
PROBE_CUDA	False
BATCH_SIZE	100
PROBE_SAVEPATH	C:\Program Files\Python311\Lib\site-packages\thehow\dependency_probe\probes
EPOCHS	20
PROBE_LOSS_POW	2
CONLL_ALIAS	wsj
CONLL_PATH	C:\Program Files\Python311\Lib\site-packages\thehow\dependency_probe\datasets\conll\wsj
TRAIN_CONLL_PATH	C:\Program Files\Python311\Lib\site-packages\thehow\dependency_probe\datasets\conll\wsj\en_wsj-ud-train.conllu
DEV_CONLL_PATH	C:\Program Files\Python311\Lib\site-packages\thehow\dependency_probe\datasets\conll\wsj\en_wsj-ud-dev.conllu
TEST_CONLL_PATH	C:\Program Files\Python311\Lib\site-packages\thehow\dependency_probe\datasets\conll\wsj\en_wsj-ud-test.conllu
DEPD_DIRECTED	False
DATASET_PKL_PATH	C:\Program Files\Python311\Lib\site-packages\thehow\dependency_probe\datasets\pkl
REPORTS_PATH	C:\Program Files\Python311\Lib\site-packages\thehow\dependency_probe\reports
METHOD	pairwisedepd
