[Mean spearmanr for sents of len 5-50]
0.6036874272802526

[UUAS]
0.3688813099844778

[SPEARMANR]
sent_len	mean_spearmanr
2	0.9999999999999998
3	0.781196512802721
4	0.6755715191670897
5	0.6342297347488978
6	0.6138972633888377
7	0.6109977398040759
8	0.6214720727234906
9	0.6162883276419796
10	0.6040299799813981
11	0.5916930762112065
12	0.6095797753915685
13	0.6202597071647777
14	0.6067849139498734
15	0.6072803279867328
16	0.6014582700211466
17	0.5992845751791599
18	0.6037418242352554
19	0.6017172604338387
20	0.6033109926238804
21	0.609802338875517
22	0.597231323875464
23	0.6044708313462004
24	0.6034455446089176
25	0.6017830633088614
26	0.6125339949554048
27	0.6013485928423339
28	0.608581166484622
29	0.6086548703871705
30	0.593001010189011
31	0.6140234384642652
32	0.6182728048803271
33	0.6213655478302514
34	0.6207158456953018
35	0.5869428571128085
36	0.6019259547693623
37	0.6062220570112052
38	0.5813614279820619
39	0.6024558317301778
40	0.6064209958770153
41	0.5801350422002637
42	0.6077628368196036
43	0.5985930842940059
44	0.6022407449173852
45	0.6089655296019579
46	0.6046724546407438
47	0.5900410080557412
48	0.588083875549195
49	0.5702886913699036
50	0.5722530477304155
51	0.6391599249019752
52	0.5845371395391006
53	0.5963899369214304
54	0.5422586936280794
55	0.5499495112519902
56	0.5554561691851204
57	0.5723556229386495
58	0.5319526249069569
59	0.5501949566128427
60	0.2903184346913126
61	0.56226047111665
62	0.6371273500374699
63	0.5231912099139584
64	0.47456008338949196
65	0.5851995159343227
66	0.5895656269286847
67	0.46675531557500777
69	0.4975753014421191
90	0.409301531750338
116	0.33077941779863496
118	0.3479866238390085

[EPOCH LOSSES]
0
1
2
3
4
5
6
7
8
9
10
11
12
13
14
15
16
17
18
19

[SETTINGS]
ROOT_PATH	C:\Program Files\Python311\Lib\site-packages\thehow\dependency_probe
MODEL_NAME	bert_large_uncased
MODEL_PATH	D:\transformers\bert\bert_large_uncased
MODEL_NLAYER	24
NDIM_TOKEN_EMBEDDING	1024
MODEL_CUDA	False
ONSITE_EMBEDDINGS	False
HIDDEN_LAYER	22
ONSITE_PROBES	True
LEARNING_RATE	0.001
PROBE_RANK	4
PROBE_CUDA	False
BATCH_SIZE	100
PROBE_SAVEPATH	C:\Program Files\Python311\Lib\site-packages\thehow\dependency_probe\probes
EPOCHS	20
PROBE_LOSS_POW	2
CONLL_ALIAS	wsj
CONLL_PATH	C:\Program Files\Python311\Lib\site-packages\thehow\dependency_probe\datasets\conll\wsj
TRAIN_CONLL_PATH	C:\Program Files\Python311\Lib\site-packages\thehow\dependency_probe\datasets\conll\wsj\en_wsj-ud-train.conllu
DEV_CONLL_PATH	C:\Program Files\Python311\Lib\site-packages\thehow\dependency_probe\datasets\conll\wsj\en_wsj-ud-dev.conllu
TEST_CONLL_PATH	C:\Program Files\Python311\Lib\site-packages\thehow\dependency_probe\datasets\conll\wsj\en_wsj-ud-test.conllu
DEPD_DIRECTED	False
DATASET_PKL_PATH	C:\Program Files\Python311\Lib\site-packages\thehow\dependency_probe\datasets\pkl
REPORTS_PATH	C:\Program Files\Python311\Lib\site-packages\thehow\dependency_probe\reports
METHOD	pairwisedepd
