[Mean spearmanr for sents of len 5-50]
0.6848906424229811

[UUAS]
0.4061564023523753

[SPEARMANR]
sent_len	mean_spearmanr
2	0.9999999999999998
3	0.8127280443342525
4	0.6790620289163881
5	0.6221284576047984
6	0.6607925091868433
7	0.6506008151075349
8	0.6362848912191007
9	0.6669259585015133
10	0.6539858847548562
11	0.6784368839594486
12	0.6962205100731429
13	0.6980356266520951
14	0.6761685360744454
15	0.6927065647153708
16	0.6990403953909038
17	0.6922391984284973
18	0.68702142409112
19	0.6918122750729716
20	0.6948707895566071
21	0.7028850066357739
22	0.7039711102095995
23	0.6939477514177477
24	0.6978670537165946
25	0.6938397268781862
26	0.6862630327724749
27	0.6979793806280968
28	0.7060926799866819
29	0.698681831705383
30	0.6886029795889259
31	0.7062831224780032
32	0.6991863268703519
33	0.6865580292182952
34	0.7107464419235748
35	0.6771333646881234
36	0.7002209005949095
37	0.6930332926822126
38	0.686637026023499
39	0.6726715472209208
40	0.6992082712203703
41	0.6758329272917758
42	0.6791087066094111
43	0.6711128828502201
44	0.7000327510639058
45	0.6938401759038257
46	0.6929612003911942
47	0.6872280773648708
48	0.6762707774059585
49	0.6620434177415192
50	0.6674590379854805
51	0.6974832278101679
52	0.7028638388581832
53	0.6682367427928374
54	0.6502236533524299
55	0.7076225265123265
56	0.6147113480570312
57	0.6132073514420558
58	0.6644265348304647
59	0.6719402005394678
60	0.29120407890918176
61	0.5721585948965677
62	0.6978889956483859
63	0.6795417502818644
64	0.5297062855074423
65	0.6943015673265425
66	0.6625493103262432
67	0.5419388542756733
69	0.51881372679542
90	0.3837976888174068
116	0.3234690755593464
118	0.3629968276248084

[EPOCH LOSSES]
0
1
2
3
4
5
6
7
8
9
10
11
12
13
14
15
16
17
18
19

[SETTINGS]
ROOT_PATH	C:\Program Files\Python311\Lib\site-packages\thehow\dependency_probe
MODEL_NAME	bert_large_uncased
MODEL_PATH	D:\transformers\bert\bert_large_uncased
MODEL_NLAYER	24
NDIM_TOKEN_EMBEDDING	1024
MODEL_CUDA	False
ONSITE_EMBEDDINGS	False
HIDDEN_LAYER	5
ONSITE_PROBES	True
LEARNING_RATE	0.001
PROBE_RANK	4
PROBE_CUDA	False
BATCH_SIZE	100
PROBE_SAVEPATH	C:\Program Files\Python311\Lib\site-packages\thehow\dependency_probe\probes
EPOCHS	20
PROBE_LOSS_POW	2
CONLL_ALIAS	wsj
CONLL_PATH	C:\Program Files\Python311\Lib\site-packages\thehow\dependency_probe\datasets\conll\wsj
TRAIN_CONLL_PATH	C:\Program Files\Python311\Lib\site-packages\thehow\dependency_probe\datasets\conll\wsj\en_wsj-ud-train.conllu
DEV_CONLL_PATH	C:\Program Files\Python311\Lib\site-packages\thehow\dependency_probe\datasets\conll\wsj\en_wsj-ud-dev.conllu
TEST_CONLL_PATH	C:\Program Files\Python311\Lib\site-packages\thehow\dependency_probe\datasets\conll\wsj\en_wsj-ud-test.conllu
DEPD_DIRECTED	False
DATASET_PKL_PATH	C:\Program Files\Python311\Lib\site-packages\thehow\dependency_probe\datasets\pkl
REPORTS_PATH	C:\Program Files\Python311\Lib\site-packages\thehow\dependency_probe\reports
METHOD	pairwisedepd
