[Mean spearmanr for sents of len 5-50]
0.6722763368163502

[UUAS]
0.40087667519293413

[SPEARMANR]
sent_len	mean_spearmanr
2	0.9999999999999998
3	0.79020552181173
4	0.6385858384401977
5	0.5881934865101232
6	0.636348636084588
7	0.6315015675886178
8	0.6290325482736991
9	0.6585721494939919
10	0.6436919946799777
11	0.6775042860110579
12	0.6948498140853444
13	0.6947478166113726
14	0.6689710428983526
15	0.6856965500787727
16	0.6983287026276352
17	0.6891578494715963
18	0.682518598995326
19	0.6859847941344032
20	0.6880428765400203
21	0.6970822615816125
22	0.6956594693983043
23	0.6817984117728052
24	0.687677024392875
25	0.6820529739193248
26	0.676990220620586
27	0.6842092795104352
28	0.6969505796928217
29	0.6805031830562696
30	0.6750581189260701
31	0.6923839814466457
32	0.6842870671069579
33	0.6763986643009048
34	0.6917746163928261
35	0.6641722919493909
36	0.6842938826089924
37	0.6776198764071757
38	0.6715710705839151
39	0.659232071075539
40	0.6830438955678431
41	0.658201027337386
42	0.6630978047118675
43	0.6530298716462185
44	0.6848933507163635
45	0.6771353442930405
46	0.6790411539171392
47	0.6697422301821728
48	0.6510044772530804
49	0.6443130177930582
50	0.6483515613056056
51	0.6896022515413952
52	0.681701390255737
53	0.6463590357942436
54	0.6360661139489436
55	0.6865546602848704
56	0.5886827346817199
57	0.5960604010321007
58	0.627669383590908
59	0.6500195515489925
60	0.28412426518727746
61	0.5554877410549318
62	0.6774335744963423
63	0.6798281143491013
64	0.5115123593557103
65	0.6798252784627463
66	0.6494296246491563
67	0.5162822799652002
69	0.5016606787139926
90	0.3960789062095077
116	0.33715683439117017
118	0.3447747017873435

[EPOCH LOSSES]
0
1
2
3
4
5
6
7
8
9
10
11
12
13
14
15
16
17
18
19

[SETTINGS]
ROOT_PATH	C:\Program Files\Python311\Lib\site-packages\thehow\dependency_probe
MODEL_NAME	bert_large_uncased
MODEL_PATH	D:\transformers\bert\bert_large_uncased
MODEL_NLAYER	24
NDIM_TOKEN_EMBEDDING	1024
MODEL_CUDA	False
ONSITE_EMBEDDINGS	False
HIDDEN_LAYER	6
ONSITE_PROBES	True
LEARNING_RATE	0.001
PROBE_RANK	4
PROBE_CUDA	False
BATCH_SIZE	100
PROBE_SAVEPATH	C:\Program Files\Python311\Lib\site-packages\thehow\dependency_probe\probes
EPOCHS	20
PROBE_LOSS_POW	2
CONLL_ALIAS	wsj
CONLL_PATH	C:\Program Files\Python311\Lib\site-packages\thehow\dependency_probe\datasets\conll\wsj
TRAIN_CONLL_PATH	C:\Program Files\Python311\Lib\site-packages\thehow\dependency_probe\datasets\conll\wsj\en_wsj-ud-train.conllu
DEV_CONLL_PATH	C:\Program Files\Python311\Lib\site-packages\thehow\dependency_probe\datasets\conll\wsj\en_wsj-ud-dev.conllu
TEST_CONLL_PATH	C:\Program Files\Python311\Lib\site-packages\thehow\dependency_probe\datasets\conll\wsj\en_wsj-ud-test.conllu
DEPD_DIRECTED	False
DATASET_PKL_PATH	C:\Program Files\Python311\Lib\site-packages\thehow\dependency_probe\datasets\pkl
REPORTS_PATH	C:\Program Files\Python311\Lib\site-packages\thehow\dependency_probe\reports
METHOD	pairwisedepd
