[Mean spearmanr for sents of len 5-50]
0.7101412976086307

[UUAS]
0.4225858638857917

[SPEARMANR]
sent_len	mean_spearmanr
2	0.9999999999999998
3	0.7676829992892075
4	0.7106748917629292
5	0.6085453492282461
6	0.6442867991993877
7	0.6834883076700279
8	0.647482967577628
9	0.6703071716578957
10	0.6592438534567298
11	0.6981050210460589
12	0.7177775279349834
13	0.7268201102445577
14	0.6900534396010405
15	0.7150629930002932
16	0.725655832181521
17	0.713787561495702
18	0.7146665899642256
19	0.7240909422724958
20	0.7171711814681724
21	0.7330217547831502
22	0.7285265981558315
23	0.7237147264908406
24	0.7251049985881405
25	0.7282696330042088
26	0.722336716743008
27	0.7333055410691928
28	0.7411215606910971
29	0.7355983844601973
30	0.7213351901769437
31	0.7345266586941912
32	0.7334263152435516
33	0.7174475190599313
34	0.742382743795806
35	0.7022367554889026
36	0.7286872911168555
37	0.7244667336733283
38	0.7291297893396712
39	0.7111409772989843
40	0.7279775544563473
41	0.7079014182312223
42	0.7112050087139865
43	0.7023618801779581
44	0.7231769990698487
45	0.7193744757830233
46	0.7187892296556977
47	0.704525969990668
48	0.7102408040322297
49	0.6678463612184821
50	0.7007744527947414
51	0.7318217563946623
52	0.7156972286163062
53	0.6822485352227372
54	0.6696733712899132
55	0.7023309612817119
56	0.6174097493478491
57	0.6307726597897834
58	0.6919844387571913
59	0.6670468391694565
60	0.27847163718074247
61	0.5968902295493357
62	0.7062395754806788
63	0.701357444782266
64	0.5709591770202194
65	0.7147715142129282
66	0.6914000509850455
67	0.5695376920500402
69	0.5780325697448275
90	0.41881153547350874
116	0.42149939897977395
118	0.37242860527914035

[EPOCH LOSSES]
0
1
2
3
4
5
6
7
8
9
10
11
12
13
14
15
16
17
18
19

[SETTINGS]
ROOT_PATH	C:\Program Files\Python311\Lib\site-packages\thehow\dependency_probe
MODEL_NAME	bert_large_uncased
MODEL_PATH	D:\transformers\bert\bert_large_uncased
MODEL_NLAYER	24
NDIM_TOKEN_EMBEDDING	1024
MODEL_CUDA	False
ONSITE_EMBEDDINGS	False
HIDDEN_LAYER	10
ONSITE_PROBES	True
LEARNING_RATE	0.001
PROBE_RANK	4
PROBE_CUDA	False
BATCH_SIZE	100
PROBE_SAVEPATH	C:\Program Files\Python311\Lib\site-packages\thehow\dependency_probe\probes
EPOCHS	20
PROBE_LOSS_POW	2
CONLL_ALIAS	wsj
CONLL_PATH	C:\Program Files\Python311\Lib\site-packages\thehow\dependency_probe\datasets\conll\wsj
TRAIN_CONLL_PATH	C:\Program Files\Python311\Lib\site-packages\thehow\dependency_probe\datasets\conll\wsj\en_wsj-ud-train.conllu
DEV_CONLL_PATH	C:\Program Files\Python311\Lib\site-packages\thehow\dependency_probe\datasets\conll\wsj\en_wsj-ud-dev.conllu
TEST_CONLL_PATH	C:\Program Files\Python311\Lib\site-packages\thehow\dependency_probe\datasets\conll\wsj\en_wsj-ud-test.conllu
DEPD_DIRECTED	False
DATASET_PKL_PATH	C:\Program Files\Python311\Lib\site-packages\thehow\dependency_probe\datasets\pkl
REPORTS_PATH	C:\Program Files\Python311\Lib\site-packages\thehow\dependency_probe\reports
METHOD	pairwisedepd
