[Mean spearmanr for sents of len 5-50]
0.673273433563512

[UUAS]
0.3987560394394526

[SPEARMANR]
sent_len	mean_spearmanr
2	0.9999999999999998
3	0.8037190353252435
4	0.6673504547023029
5	0.5719488292687749
6	0.6364760618291878
7	0.6246268729953127
8	0.6230458126274487
9	0.6594876493065631
10	0.6464755909519575
11	0.6727713393783925
12	0.6862591551856342
13	0.6887287625445515
14	0.6675797306059362
15	0.6857654186045703
16	0.6967433219794681
17	0.6905704306795885
18	0.682519856755548
19	0.6850482114603378
20	0.6891488153734536
21	0.7005262979577449
22	0.6959219486745272
23	0.6848229446624668
24	0.6866663234413487
25	0.6860837829504928
26	0.6802974178418864
27	0.6869421484018969
28	0.6990601947069499
29	0.6836639767016853
30	0.6803806824729952
31	0.6948624298535472
32	0.6896385435590978
33	0.6801105862491897
34	0.6972020901257261
35	0.6620655744507232
36	0.6869148885757699
37	0.6797239256562705
38	0.6777137799039262
39	0.664504607107641
40	0.6894267451432903
41	0.6663606582116675
42	0.6714021170110152
43	0.6549649430027406
44	0.6854319112772971
45	0.6720893585753335
46	0.6842012208320951
47	0.6739710758690736
48	0.6538137457418355
49	0.6447838678712847
50	0.6498342975453067
51	0.6870853737831091
52	0.6838486496691429
53	0.6516383721484207
54	0.6437707384651574
55	0.6808488685453127
56	0.5980292142493384
57	0.6021670668636105
58	0.640411961127486
59	0.64590101879471
60	0.3073197915394823
61	0.5679831267965396
62	0.6764369657795931
63	0.6952960965749839
64	0.5299229872062448
65	0.6976660780972918
66	0.6443305157111537
67	0.5158040310102767
69	0.5293500219736169
90	0.4387416955088006
116	0.387198869212826
118	0.37008853577053985

[EPOCH LOSSES]
0
1
2
3
4
5
6
7
8
9
10
11
12
13
14
15
16
17
18
19

[SETTINGS]
ROOT_PATH	C:\Program Files\Python311\Lib\site-packages\thehow\dependency_probe
MODEL_NAME	bert_large_uncased
MODEL_PATH	D:\transformers\bert\bert_large_uncased
MODEL_NLAYER	24
NDIM_TOKEN_EMBEDDING	1024
MODEL_CUDA	False
ONSITE_EMBEDDINGS	False
HIDDEN_LAYER	7
ONSITE_PROBES	True
LEARNING_RATE	0.001
PROBE_RANK	4
PROBE_CUDA	False
BATCH_SIZE	100
PROBE_SAVEPATH	C:\Program Files\Python311\Lib\site-packages\thehow\dependency_probe\probes
EPOCHS	20
PROBE_LOSS_POW	2
CONLL_ALIAS	wsj
CONLL_PATH	C:\Program Files\Python311\Lib\site-packages\thehow\dependency_probe\datasets\conll\wsj
TRAIN_CONLL_PATH	C:\Program Files\Python311\Lib\site-packages\thehow\dependency_probe\datasets\conll\wsj\en_wsj-ud-train.conllu
DEV_CONLL_PATH	C:\Program Files\Python311\Lib\site-packages\thehow\dependency_probe\datasets\conll\wsj\en_wsj-ud-dev.conllu
TEST_CONLL_PATH	C:\Program Files\Python311\Lib\site-packages\thehow\dependency_probe\datasets\conll\wsj\en_wsj-ud-test.conllu
DEPD_DIRECTED	False
DATASET_PKL_PATH	C:\Program Files\Python311\Lib\site-packages\thehow\dependency_probe\datasets\pkl
REPORTS_PATH	C:\Program Files\Python311\Lib\site-packages\thehow\dependency_probe\reports
METHOD	pairwisedepd
