[Mean spearmanr for sents of len 5-50]
0.7546260258660495

[UUAS]
0.4671738702695612

[SPEARMANR]
sent_len	mean_spearmanr
2	0.9999999999999998
3	0.8037190353252435
4	0.7029524715480422
5	0.6529590470251693
6	0.6932590216876844
7	0.7137280281415336
8	0.6909016016056937
9	0.7377628930749162
10	0.7383609283495304
11	0.7392069498417344
12	0.7537561436834184
13	0.7635873495208585
14	0.7377087547306395
15	0.7541151481654405
16	0.7628131734025624
17	0.7685266256536276
18	0.7612996238125506
19	0.7728002139074811
20	0.7603018101702541
21	0.7662989686880415
22	0.7738348190575897
23	0.762147974810834
24	0.7659306762867556
25	0.773041986517171
26	0.7717820710146199
27	0.7702722542590996
28	0.7840618808464732
29	0.7779881205900323
30	0.7664265127114537
31	0.7849023463988837
32	0.7753949772679696
33	0.7737629337250477
34	0.7899658403934546
35	0.7567887362986933
36	0.7723818610248199
37	0.7729951436885206
38	0.7704002853595492
39	0.7653327763828341
40	0.7660294410871212
41	0.7488952732559377
42	0.7588985627847916
43	0.7447507695773411
44	0.7638581152060521
45	0.7729631398654518
46	0.7661329329156671
47	0.7348813941491841
48	0.7477417115459133
49	0.7028473306006942
50	0.7310010407551782
51	0.804737843175339
52	0.7645482330416635
53	0.7577746379337716
54	0.7130164691228975
55	0.7115864645732555
56	0.6665453582318506
57	0.7034108927095813
58	0.6935936665821651
59	0.6918659526654063
60	0.35732906399402736
61	0.6338869938962739
62	0.8245556262730969
63	0.7399253300158167
64	0.6130423525128985
65	0.6988769604369225
66	0.7468071215915545
67	0.5683869567691775
69	0.6545922395122014
90	0.4612590414499636
116	0.4527057024719173
118	0.40662806299328064

[EPOCH LOSSES]
0
1
2
3
4
5
6
7
8
9
10
11
12
13
14
15
16
17
18
19

[SETTINGS]
ROOT_PATH	C:\Program Files\Python311\Lib\site-packages\thehow\dependency_probe
MODEL_NAME	bert_large_uncased
MODEL_PATH	D:\transformers\bert\bert_large_uncased
MODEL_NLAYER	24
NDIM_TOKEN_EMBEDDING	1024
MODEL_CUDA	False
ONSITE_EMBEDDINGS	False
HIDDEN_LAYER	16
ONSITE_PROBES	True
LEARNING_RATE	0.001
PROBE_RANK	4
PROBE_CUDA	False
BATCH_SIZE	100
PROBE_SAVEPATH	C:\Program Files\Python311\Lib\site-packages\thehow\dependency_probe\probes
EPOCHS	20
PROBE_LOSS_POW	2
CONLL_ALIAS	wsj
CONLL_PATH	C:\Program Files\Python311\Lib\site-packages\thehow\dependency_probe\datasets\conll\wsj
TRAIN_CONLL_PATH	C:\Program Files\Python311\Lib\site-packages\thehow\dependency_probe\datasets\conll\wsj\en_wsj-ud-train.conllu
DEV_CONLL_PATH	C:\Program Files\Python311\Lib\site-packages\thehow\dependency_probe\datasets\conll\wsj\en_wsj-ud-dev.conllu
TEST_CONLL_PATH	C:\Program Files\Python311\Lib\site-packages\thehow\dependency_probe\datasets\conll\wsj\en_wsj-ud-test.conllu
DEPD_DIRECTED	False
DATASET_PKL_PATH	C:\Program Files\Python311\Lib\site-packages\thehow\dependency_probe\datasets\pkl
REPORTS_PATH	C:\Program Files\Python311\Lib\site-packages\thehow\dependency_probe\reports
METHOD	pairwisedepd
