[Mean spearmanr for sents of len 5-50]
0.6854092425084507

[UUAS]
0.39605605474300953

[SPEARMANR]
sent_len	mean_spearmanr
2	0.9999999999999998
3	0.817232548838757
4	0.6869776368219519
5	0.585548246649017
6	0.6425346116156656
7	0.6367069677591236
8	0.6343472722852936
9	0.6378848805795048
10	0.6358547624359985
11	0.6595318942568673
12	0.6793175963519158
13	0.6879188124844009
14	0.6686249373800138
15	0.67779193671711
16	0.6895066567633438
17	0.6814494720507223
18	0.682565810136896
19	0.6893496575249896
20	0.6895333987066035
21	0.6964413006914851
22	0.7010498497956553
23	0.6928214938832641
24	0.6926973776969011
25	0.694017782159554
26	0.6864830386458199
27	0.7013087212473887
28	0.7156837544971341
29	0.7038190408989575
30	0.6956234501653664
31	0.7129912128527623
32	0.7084179651894098
33	0.6972856927852276
34	0.71658656715172
35	0.6881126650188824
36	0.7136306804935061
37	0.702858334745329
38	0.7038868092245947
39	0.6879013235954002
40	0.7107589712356412
41	0.693669034250632
42	0.7011881225364816
43	0.6879260361591304
44	0.7082569710746137
45	0.7043975404088656
46	0.7061140631019392
47	0.6931093220884739
48	0.6919404881178063
49	0.661180614454726
50	0.6802000175246009
51	0.7111719596718575
52	0.6886694194463359
53	0.6639115293066808
54	0.6789084125788055
55	0.7038028667676187
56	0.5997161108415344
57	0.6258529472893138
58	0.6706343312477807
59	0.6636434175739032
60	0.31722637234065915
61	0.589187737971524
62	0.6957707906158409
63	0.6952770108965906
64	0.5587633026978388
65	0.7438430462293646
66	0.6851460758434385
67	0.5672497526835342
69	0.5907541811058997
90	0.44542804354923554
116	0.40990894387948634
118	0.4036173247255735

[EPOCH LOSSES]
0
1
2
3
4
5
6
7
8
9
10
11
12
13
14
15
16
17
18
19

[SETTINGS]
ROOT_PATH	C:\Program Files\Python311\Lib\site-packages\thehow\dependency_probe
MODEL_NAME	bert_large_uncased
MODEL_PATH	D:\transformers\bert\bert_large_uncased
MODEL_NLAYER	24
NDIM_TOKEN_EMBEDDING	1024
MODEL_CUDA	False
ONSITE_EMBEDDINGS	False
HIDDEN_LAYER	8
ONSITE_PROBES	True
LEARNING_RATE	0.001
PROBE_RANK	4
PROBE_CUDA	False
BATCH_SIZE	100
PROBE_SAVEPATH	C:\Program Files\Python311\Lib\site-packages\thehow\dependency_probe\probes
EPOCHS	20
PROBE_LOSS_POW	2
CONLL_ALIAS	wsj
CONLL_PATH	C:\Program Files\Python311\Lib\site-packages\thehow\dependency_probe\datasets\conll\wsj
TRAIN_CONLL_PATH	C:\Program Files\Python311\Lib\site-packages\thehow\dependency_probe\datasets\conll\wsj\en_wsj-ud-train.conllu
DEV_CONLL_PATH	C:\Program Files\Python311\Lib\site-packages\thehow\dependency_probe\datasets\conll\wsj\en_wsj-ud-dev.conllu
TEST_CONLL_PATH	C:\Program Files\Python311\Lib\site-packages\thehow\dependency_probe\datasets\conll\wsj\en_wsj-ud-test.conllu
DEPD_DIRECTED	False
DATASET_PKL_PATH	C:\Program Files\Python311\Lib\site-packages\thehow\dependency_probe\datasets\pkl
REPORTS_PATH	C:\Program Files\Python311\Lib\site-packages\thehow\dependency_probe\reports
METHOD	pairwisedepd
