[Mean spearmanr for sents of len 5-50]
0.6713368112093961

[UUAS]
0.4007892262958833

[SPEARMANR]
sent_len	mean_spearmanr
2	0.9999999999999998
3	0.8577730893792975
4	0.6731905667861373
5	0.6380454996004506
6	0.6739575008158343
7	0.6424449959696089
8	0.6394934320526967
9	0.6354432060451842
10	0.6771362486168919
11	0.6512910653524228
12	0.6835903073908652
13	0.6831663573745499
14	0.661274727303317
15	0.672329946175903
16	0.680761768883449
17	0.6738982353681836
18	0.6713222711480898
19	0.6695475817521055
20	0.6755045456967764
21	0.6706713670345245
22	0.6779847454725745
23	0.6750279896506467
24	0.6717620601243136
25	0.6622914864940079
26	0.6633283144176936
27	0.6760192563608453
28	0.6906881201644189
29	0.6776586550648024
30	0.6723835205605168
31	0.6923894350781893
32	0.6847282804007117
33	0.6774153093726281
34	0.6983690470646488
35	0.6632358037283641
36	0.693621846875435
37	0.6863526847803484
38	0.6774732558496379
39	0.6584094172764923
40	0.681725503914304
41	0.6521296675828561
42	0.6734583562767981
43	0.65816047261295
44	0.688205159372918
45	0.6907097503613981
46	0.6866939108834124
47	0.6695838669494314
48	0.6823666982242861
49	0.6165058018685051
50	0.6829358422682318
51	0.6741971791259309
52	0.7113885048568863
53	0.6437944585181166
54	0.5958732152479327
55	0.6204620826896884
56	0.60729787594689
57	0.6044732220529254
58	0.6316236898140564
59	0.5764020180380999
60	0.24783255055746203
61	0.5477631107994944
62	0.5828120261388693
63	0.489525694411687
64	0.4947428764190287
65	0.5568650152840962
66	0.604896988345122
67	0.5178474391676078
69	0.44009201749061877
90	0.20355636015519205
116	0.21408223650599287
118	0.2204833732024098

[EPOCH LOSSES]
0
1
2
3
4
5
6
7
8
9
10
11
12
13
14
15
16
17
18
19

[SETTINGS]
ROOT_PATH	C:\Program Files\Python311\Lib\site-packages\thehow\dependency_probe
MODEL_NAME	bert_large_uncased
MODEL_PATH	D:\transformers\bert\bert_large_uncased
MODEL_NLAYER	24
NDIM_TOKEN_EMBEDDING	1024
MODEL_CUDA	False
ONSITE_EMBEDDINGS	False
HIDDEN_LAYER	1
ONSITE_PROBES	True
LEARNING_RATE	0.001
PROBE_RANK	4
PROBE_CUDA	False
BATCH_SIZE	100
PROBE_SAVEPATH	C:\Program Files\Python311\Lib\site-packages\thehow\dependency_probe\probes
EPOCHS	20
PROBE_LOSS_POW	2
CONLL_ALIAS	wsj
CONLL_PATH	C:\Program Files\Python311\Lib\site-packages\thehow\dependency_probe\datasets\conll\wsj
TRAIN_CONLL_PATH	C:\Program Files\Python311\Lib\site-packages\thehow\dependency_probe\datasets\conll\wsj\en_wsj-ud-train.conllu
DEV_CONLL_PATH	C:\Program Files\Python311\Lib\site-packages\thehow\dependency_probe\datasets\conll\wsj\en_wsj-ud-dev.conllu
TEST_CONLL_PATH	C:\Program Files\Python311\Lib\site-packages\thehow\dependency_probe\datasets\conll\wsj\en_wsj-ud-test.conllu
DEPD_DIRECTED	False
DATASET_PKL_PATH	C:\Program Files\Python311\Lib\site-packages\thehow\dependency_probe\datasets\pkl
REPORTS_PATH	C:\Program Files\Python311\Lib\site-packages\thehow\dependency_probe\reports
METHOD	pairwisedepd
