[Mean spearmanr for sents of len 5-50]
0.695897448017725

[UUAS]
0.4151417765243436

[SPEARMANR]
sent_len	mean_spearmanr
2	0.9999999999999998
3	0.826241557847766
4	0.7000728749171901
5	0.6271733896653499
6	0.6361621930416133
7	0.6388056432268945
8	0.6296770333490096
9	0.641504042147326
10	0.6427283443814598
11	0.659072742562984
12	0.6758342259899813
13	0.6896228288978786
14	0.667885601007319
15	0.6917280922317834
16	0.7006593403690653
17	0.6948640418719063
18	0.6944352292199513
19	0.7070109288275714
20	0.7005006540630477
21	0.7092343131103727
22	0.7163450352792218
23	0.7062724187924008
24	0.7090904324526403
25	0.7121781517488252
26	0.7077709666773306
27	0.717702466690376
28	0.7249626027457556
29	0.7183299209304527
30	0.7109493655910215
31	0.7231796688432747
32	0.7225679028873779
33	0.7102757480274945
34	0.7348945840959309
35	0.7006738644688648
36	0.7248583298093825
37	0.7204332109252963
38	0.7166016501979875
39	0.7054988567464343
40	0.719012887439626
41	0.7009785306094024
42	0.7072021430922036
43	0.6996926847007167
44	0.7190716518693242
45	0.7159736444621376
46	0.7132135927260304
47	0.6931886432038374
48	0.7022723409150178
49	0.6618691771509974
50	0.6893234917724759
51	0.7196669416716138
52	0.6990332636986906
53	0.6728157398867728
54	0.6669607568067035
55	0.689333420859724
56	0.6027666622401954
57	0.6160820495230733
58	0.6624899843641948
59	0.6625406149138322
60	0.30253785254454557
61	0.5718967972139771
62	0.6829113467164869
63	0.6709990804300703
64	0.5637176606270767
65	0.7240775381515225
66	0.6726469876601757
67	0.5662585086530721
69	0.5652252893162011
90	0.4208335929175791
116	0.3983938697587513
118	0.37693259854225963

[EPOCH LOSSES]
0
1
2
3
4
5
6
7
8
9
10
11
12
13
14
15
16
17
18
19

[SETTINGS]
ROOT_PATH	C:\Program Files\Python311\Lib\site-packages\thehow\dependency_probe
MODEL_NAME	bert_large_uncased
MODEL_PATH	D:\transformers\bert\bert_large_uncased
MODEL_NLAYER	24
NDIM_TOKEN_EMBEDDING	1024
MODEL_CUDA	False
ONSITE_EMBEDDINGS	False
HIDDEN_LAYER	9
ONSITE_PROBES	True
LEARNING_RATE	0.001
PROBE_RANK	4
PROBE_CUDA	False
BATCH_SIZE	100
PROBE_SAVEPATH	C:\Program Files\Python311\Lib\site-packages\thehow\dependency_probe\probes
EPOCHS	20
PROBE_LOSS_POW	2
CONLL_ALIAS	wsj
CONLL_PATH	C:\Program Files\Python311\Lib\site-packages\thehow\dependency_probe\datasets\conll\wsj
TRAIN_CONLL_PATH	C:\Program Files\Python311\Lib\site-packages\thehow\dependency_probe\datasets\conll\wsj\en_wsj-ud-train.conllu
DEV_CONLL_PATH	C:\Program Files\Python311\Lib\site-packages\thehow\dependency_probe\datasets\conll\wsj\en_wsj-ud-dev.conllu
TEST_CONLL_PATH	C:\Program Files\Python311\Lib\site-packages\thehow\dependency_probe\datasets\conll\wsj\en_wsj-ud-test.conllu
DEPD_DIRECTED	False
DATASET_PKL_PATH	C:\Program Files\Python311\Lib\site-packages\thehow\dependency_probe\datasets\pkl
REPORTS_PATH	C:\Program Files\Python311\Lib\site-packages\thehow\dependency_probe\reports
METHOD	pairwisedepd
