[Mean spearmanr for sents of len 5-50]
0.7532129234204783

[UUAS]
0.47350298419361186

[SPEARMANR]
sent_len	mean_spearmanr
2	0.9999999999999998
3	0.799214530820739
4	0.7470810094177912
5	0.6433972172513005
6	0.7085925890545482
7	0.7186229608830508
8	0.7126973177540952
9	0.752232493045378
10	0.7521657315935211
11	0.7529541921628369
12	0.7549249485177041
13	0.7562946957496839
14	0.7391316759222275
15	0.7589210346536797
16	0.7591773567086244
17	0.760161100876703
18	0.7577045212292298
19	0.769484400749248
20	0.7594936029491797
21	0.7628775000351852
22	0.7705506635159425
23	0.7644678353255765
24	0.7642607858571973
25	0.7694896209885567
26	0.761333959974546
27	0.7695812440805609
28	0.7791849508136649
29	0.772054128181603
30	0.7611098834055852
31	0.7752061627428097
32	0.7711972656902147
33	0.7661092295660235
34	0.7857980260426534
35	0.753517506720463
36	0.7685622031037959
37	0.7662921956457198
38	0.7672827278670045
39	0.7575485234380908
40	0.7647617411723792
41	0.7494609386770167
42	0.7559749300368415
43	0.733232581577276
44	0.7619361472082503
45	0.7642238329311873
46	0.7629281400447013
47	0.732768159620089
48	0.748273385602878
49	0.7010683825768916
50	0.7307859857982898
51	0.7977906504394633
52	0.7560899531338555
53	0.7420042366365867
54	0.7097078367394342
55	0.7176405370935129
56	0.6691585120273897
57	0.6881344335662324
58	0.7051446490881165
59	0.6797990452594646
60	0.34388469920858994
61	0.6278033632926241
62	0.7938730494874757
63	0.7327590507797715
64	0.6185039935422095
65	0.7341533851158493
66	0.7307095505526586
67	0.5635225433385949
69	0.6397768232456239
90	0.44997883928061194
116	0.4493763755556189
118	0.43039850498211063

[EPOCH LOSSES]
0
1
2
3
4
5
6
7
8
9
10
11
12
13
14
15
16
17
18
19

[SETTINGS]
ROOT_PATH	C:\Program Files\Python311\Lib\site-packages\thehow\dependency_probe
MODEL_NAME	bert_large_uncased
MODEL_PATH	D:\transformers\bert\bert_large_uncased
MODEL_NLAYER	24
NDIM_TOKEN_EMBEDDING	1024
MODEL_CUDA	False
ONSITE_EMBEDDINGS	False
HIDDEN_LAYER	14
ONSITE_PROBES	True
LEARNING_RATE	0.001
PROBE_RANK	4
PROBE_CUDA	False
BATCH_SIZE	100
PROBE_SAVEPATH	C:\Program Files\Python311\Lib\site-packages\thehow\dependency_probe\probes
EPOCHS	20
PROBE_LOSS_POW	2
CONLL_ALIAS	wsj
CONLL_PATH	C:\Program Files\Python311\Lib\site-packages\thehow\dependency_probe\datasets\conll\wsj
TRAIN_CONLL_PATH	C:\Program Files\Python311\Lib\site-packages\thehow\dependency_probe\datasets\conll\wsj\en_wsj-ud-train.conllu
DEV_CONLL_PATH	C:\Program Files\Python311\Lib\site-packages\thehow\dependency_probe\datasets\conll\wsj\en_wsj-ud-dev.conllu
TEST_CONLL_PATH	C:\Program Files\Python311\Lib\site-packages\thehow\dependency_probe\datasets\conll\wsj\en_wsj-ud-test.conllu
DEPD_DIRECTED	False
DATASET_PKL_PATH	C:\Program Files\Python311\Lib\site-packages\thehow\dependency_probe\datasets\pkl
REPORTS_PATH	C:\Program Files\Python311\Lib\site-packages\thehow\dependency_probe\reports
METHOD	pairwisedepd
