[Mean spearmanr for sents of len 5-50]
0.6661377098938122

[UUAS]
0.38826217179335826

[SPEARMANR]
sent_len	mean_spearmanr
2	0.9999999999999998
3	0.8622775938838021
4	0.7097898721316762
5	0.655433838649733
6	0.6669043271292391
7	0.6610020125090519
8	0.6384459257987639
9	0.6347924495624117
10	0.6685983604097637
11	0.6442015249701386
12	0.6746893613337022
13	0.679959444240002
14	0.6581998183976661
15	0.6718209041612435
16	0.6766561163539329
17	0.6746052504764957
18	0.6724705794965683
19	0.6716958276542061
20	0.6798089592000113
21	0.6730406076047148
22	0.6774053642005317
23	0.6740817470992814
24	0.6754698639286809
25	0.6584136597043675
26	0.6616980862244763
27	0.6728259106448099
28	0.6848839000197768
29	0.6760553318073225
30	0.6677485363091081
31	0.6821091395432338
32	0.6716954944619973
33	0.6682859719643419
34	0.6905179813827987
35	0.6501631075873946
36	0.6802821021046151
37	0.6773053387018627
38	0.6638172692439784
39	0.6473612369982437
40	0.6720434770930083
41	0.6418210697870157
42	0.6608527925794702
43	0.6468683657841828
44	0.6754206557862933
45	0.6750247903932914
46	0.6776385508719633
47	0.655584011788267
48	0.6681466644433606
49	0.617622189381548
50	0.66886673733249
51	0.6733435096308775
52	0.6966602300253394
53	0.6335461722160484
54	0.5756518481954416
55	0.6386011334557735
56	0.5989426771375829
57	0.5850048609712795
58	0.6194150018890316
59	0.5999320275112878
60	0.19318846542866766
61	0.5242555691588405
62	0.5740870030927225
63	0.5204203294123356
64	0.4829593703321555
65	0.5868053630740362
66	0.6248155533834553
67	0.4975421695600374
69	0.3611441012173544
90	0.205495773235597
116	0.22961081727160487
118	0.21954433848079552

[EPOCH LOSSES]
0
1
2
3
4
5
6
7
8
9
10
11
12
13
14
15
16
17
18
19

[SETTINGS]
ROOT_PATH	C:\Program Files\Python311\Lib\site-packages\thehow\dependency_probe
MODEL_NAME	bert_large_uncased
MODEL_PATH	D:\transformers\bert\bert_large_uncased
MODEL_NLAYER	24
NDIM_TOKEN_EMBEDDING	1024
MODEL_CUDA	False
ONSITE_EMBEDDINGS	False
HIDDEN_LAYER	2
ONSITE_PROBES	True
LEARNING_RATE	0.001
PROBE_RANK	4
PROBE_CUDA	False
BATCH_SIZE	100
PROBE_SAVEPATH	C:\Program Files\Python311\Lib\site-packages\thehow\dependency_probe\probes
EPOCHS	20
PROBE_LOSS_POW	2
CONLL_ALIAS	wsj
CONLL_PATH	C:\Program Files\Python311\Lib\site-packages\thehow\dependency_probe\datasets\conll\wsj
TRAIN_CONLL_PATH	C:\Program Files\Python311\Lib\site-packages\thehow\dependency_probe\datasets\conll\wsj\en_wsj-ud-train.conllu
DEV_CONLL_PATH	C:\Program Files\Python311\Lib\site-packages\thehow\dependency_probe\datasets\conll\wsj\en_wsj-ud-dev.conllu
TEST_CONLL_PATH	C:\Program Files\Python311\Lib\site-packages\thehow\dependency_probe\datasets\conll\wsj\en_wsj-ud-test.conllu
DEPD_DIRECTED	False
DATASET_PKL_PATH	C:\Program Files\Python311\Lib\site-packages\thehow\dependency_probe\datasets\pkl
REPORTS_PATH	C:\Program Files\Python311\Lib\site-packages\thehow\dependency_probe\reports
METHOD	pairwisedepd
