[Mean spearmanr for sents of len 5-50]
0.7406987605790066

[UUAS]
0.44812094182462126

[SPEARMANR]
sent_len	mean_spearmanr
2	0.9999999999999998
3	0.8622775938838021
4	0.7082939393819768
5	0.6628401246453854
6	0.7147580330900093
7	0.7146879970130912
8	0.6996646320382702
9	0.7189259742659221
10	0.7058302930456172
11	0.7231628056623041
12	0.7465786120579609
13	0.7382267784019786
14	0.716437615842665
15	0.7358116976444021
16	0.7516601052197833
17	0.741581407347231
18	0.7419096115850895
19	0.7492072751436927
20	0.7473248608578146
21	0.7485620730469864
22	0.7578550625859599
23	0.7498758220181815
24	0.7544698890936097
25	0.7565905381794485
26	0.7496224210042799
27	0.7626880805486892
28	0.7725406962768566
29	0.763026156238134
30	0.7509318434081221
31	0.7599701837726364
32	0.7618745030209907
33	0.752412574645819
34	0.7722804122018051
35	0.7465394199740114
36	0.7610166942309126
37	0.756163955159917
38	0.7551261984529316
39	0.7441666647775272
40	0.758617922536928
41	0.7427139408081028
42	0.7411028129123268
43	0.7292297176670643
44	0.7533222376391894
45	0.7458227765950735
46	0.7457786268040625
47	0.7206634714061537
48	0.7356465539831852
49	0.6954790251439361
50	0.7194448886402391
51	0.7561743379276616
52	0.7233934752909931
53	0.7078493682357073
54	0.6926828129216261
55	0.6975854732429073
56	0.6312977430957598
57	0.641540861476762
58	0.681021591728342
59	0.665175918929844
60	0.30385504477619735
61	0.6035512215733321
62	0.7180059165567654
63	0.7332884204904714
64	0.6023671385981786
65	0.74404276989443
66	0.6934589871604329
67	0.5637093066578759
69	0.6119582461184055
90	0.4420420547455437
116	0.43701352231842827
118	0.3701633207367869

[EPOCH LOSSES]
0
1
2
3
4
5
6
7
8
9
10
11
12
13
14
15
16
17
18
19

[SETTINGS]
ROOT_PATH	C:\Program Files\Python311\Lib\site-packages\thehow\dependency_probe
MODEL_NAME	bert_large_uncased
MODEL_PATH	D:\transformers\bert\bert_large_uncased
MODEL_NLAYER	24
NDIM_TOKEN_EMBEDDING	1024
MODEL_CUDA	False
ONSITE_EMBEDDINGS	False
HIDDEN_LAYER	12
ONSITE_PROBES	True
LEARNING_RATE	0.001
PROBE_RANK	4
PROBE_CUDA	False
BATCH_SIZE	100
PROBE_SAVEPATH	C:\Program Files\Python311\Lib\site-packages\thehow\dependency_probe\probes
EPOCHS	20
PROBE_LOSS_POW	2
CONLL_ALIAS	wsj
CONLL_PATH	C:\Program Files\Python311\Lib\site-packages\thehow\dependency_probe\datasets\conll\wsj
TRAIN_CONLL_PATH	C:\Program Files\Python311\Lib\site-packages\thehow\dependency_probe\datasets\conll\wsj\en_wsj-ud-train.conllu
DEV_CONLL_PATH	C:\Program Files\Python311\Lib\site-packages\thehow\dependency_probe\datasets\conll\wsj\en_wsj-ud-dev.conllu
TEST_CONLL_PATH	C:\Program Files\Python311\Lib\site-packages\thehow\dependency_probe\datasets\conll\wsj\en_wsj-ud-test.conllu
DEPD_DIRECTED	False
DATASET_PKL_PATH	C:\Program Files\Python311\Lib\site-packages\thehow\dependency_probe\datasets\pkl
REPORTS_PATH	C:\Program Files\Python311\Lib\site-packages\thehow\dependency_probe\reports
METHOD	pairwisedepd
