[Mean spearmanr for sents of len 5-50]
0.7150234402074453

[UUAS]
0.4411359611726897

[SPEARMANR]
sent_len	mean_spearmanr
2	0.9999999999999998
3	0.7857010173072255
4	0.6852075975594457
5	0.657184355910388
6	0.6721015444493154
7	0.686981816686452
8	0.6688124525329173
9	0.6926969640900247
10	0.6863467233812793
11	0.6958875328590942
12	0.6961497833081743
13	0.704791911730741
14	0.6898237850544676
15	0.7154483784114023
16	0.713675010070465
17	0.7065786178735096
18	0.7101347321413325
19	0.7216330725148549
20	0.7138252236863281
21	0.7178919158001618
22	0.7236191323518277
23	0.7214595974041997
24	0.7262467353033295
25	0.7242517010074312
26	0.7283825170459877
27	0.7319371986998755
28	0.7384821534415336
29	0.7313886805217993
30	0.7281525628691828
31	0.7428477594362872
32	0.7411497255644028
33	0.7415526626692698
34	0.7511867263110062
35	0.7121830285229968
36	0.7276063803428701
37	0.7406954099717898
38	0.7328561060844105
39	0.7263000405797275
40	0.7329802494870045
41	0.719358068847494
42	0.7199328859963661
43	0.7219988997168901
44	0.7336008715093407
45	0.7407523791063338
46	0.7282877439082177
47	0.7075787866617657
48	0.7029458252038255
49	0.673557243858178
50	0.6898233566182373
51	0.7685795027660368
52	0.7043750069928312
53	0.7157647989565852
54	0.6718389726923136
55	0.6882438503406713
56	0.6319229792977281
57	0.6591062742726489
58	0.6488707079301117
59	0.6546100926991741
60	0.34122252665358005
61	0.6056294283387387
62	0.7755845950700372
63	0.7139828746729864
64	0.580491961379963
65	0.6711234090309157
66	0.6692141375103674
67	0.5638832004163027
69	0.6029709222029588
90	0.4589691688813974
116	0.40199421753611836
118	0.3800335197525127

[EPOCH LOSSES]
0
1
2
3
4
5
6
7
8
9
10
11
12
13
14
15
16
17
18
19

[SETTINGS]
ROOT_PATH	C:\Program Files\Python311\Lib\site-packages\thehow\dependency_probe
MODEL_NAME	bert_large_uncased
MODEL_PATH	D:\transformers\bert\bert_large_uncased
MODEL_NLAYER	24
NDIM_TOKEN_EMBEDDING	1024
MODEL_CUDA	False
ONSITE_EMBEDDINGS	False
HIDDEN_LAYER	19
ONSITE_PROBES	True
LEARNING_RATE	0.001
PROBE_RANK	4
PROBE_CUDA	False
BATCH_SIZE	100
PROBE_SAVEPATH	C:\Program Files\Python311\Lib\site-packages\thehow\dependency_probe\probes
EPOCHS	20
PROBE_LOSS_POW	2
CONLL_ALIAS	wsj
CONLL_PATH	C:\Program Files\Python311\Lib\site-packages\thehow\dependency_probe\datasets\conll\wsj
TRAIN_CONLL_PATH	C:\Program Files\Python311\Lib\site-packages\thehow\dependency_probe\datasets\conll\wsj\en_wsj-ud-train.conllu
DEV_CONLL_PATH	C:\Program Files\Python311\Lib\site-packages\thehow\dependency_probe\datasets\conll\wsj\en_wsj-ud-dev.conllu
TEST_CONLL_PATH	C:\Program Files\Python311\Lib\site-packages\thehow\dependency_probe\datasets\conll\wsj\en_wsj-ud-test.conllu
DEPD_DIRECTED	False
DATASET_PKL_PATH	C:\Program Files\Python311\Lib\site-packages\thehow\dependency_probe\datasets\pkl
REPORTS_PATH	C:\Program Files\Python311\Lib\site-packages\thehow\dependency_probe\reports
METHOD	pairwisedepd
