[Mean spearmanr for sents of len 5-50]
0.7294997010411349

[UUAS]
0.4413764456395794

[SPEARMANR]
sent_len	mean_spearmanr
2	0.9999999999999998
3	0.799214530820739
4	0.6860926171906988
5	0.650918195109575
6	0.7065580299689486
7	0.7068254494986804
8	0.685540649969289
9	0.6996173149967905
10	0.6787580962904539
11	0.7069215622173338
12	0.7295213243275108
13	0.7295181801225956
14	0.7036729301741094
15	0.7269665240765415
16	0.7392136770940604
17	0.7321055921870059
18	0.7329743397699992
19	0.7433862230755616
20	0.7326181453293432
21	0.7405808882170057
22	0.7473261941746457
23	0.737099689070293
24	0.7399112268667531
25	0.7452965616160975
26	0.7404397246907626
27	0.7494421293600091
28	0.7636030290067579
29	0.7510233763097246
30	0.7406176174060376
31	0.7539448411925687
32	0.7542572188974563
33	0.7396754940737975
34	0.7636388438380863
35	0.7342784871890715
36	0.7507938758530648
37	0.7469166633233929
38	0.7463551601708206
39	0.7327623585031086
40	0.7469722825889994
41	0.7318282633335211
42	0.7308185785780713
43	0.7196186297346616
44	0.7375974124752681
45	0.7331960523073953
46	0.7364993332669839
47	0.7124851274190689
48	0.7271930964996237
49	0.6861728741330455
50	0.7115249835883157
51	0.7493052236200584
52	0.7161013592635767
53	0.7052651003579092
54	0.687511999199234
55	0.6998645634141384
56	0.6267881830612521
57	0.6420544686768195
58	0.6708439879470269
59	0.6595816572553184
60	0.2822252565870361
61	0.5925421249994433
62	0.7100994192803228
63	0.7110893904648492
64	0.581255650147971
65	0.7412790116488278
66	0.6915336080509006
67	0.571522802217667
69	0.5758895273195963
90	0.4141993764265299
116	0.40577809130722275
118	0.35649218658105974

[EPOCH LOSSES]
0
1
2
3
4
5
6
7
8
9
10
11
12
13
14
15
16
17
18
19

[SETTINGS]
ROOT_PATH	C:\Program Files\Python311\Lib\site-packages\thehow\dependency_probe
MODEL_NAME	bert_large_uncased
MODEL_PATH	D:\transformers\bert\bert_large_uncased
MODEL_NLAYER	24
NDIM_TOKEN_EMBEDDING	1024
MODEL_CUDA	False
ONSITE_EMBEDDINGS	False
HIDDEN_LAYER	11
ONSITE_PROBES	True
LEARNING_RATE	0.001
PROBE_RANK	4
PROBE_CUDA	False
BATCH_SIZE	100
PROBE_SAVEPATH	C:\Program Files\Python311\Lib\site-packages\thehow\dependency_probe\probes
EPOCHS	20
PROBE_LOSS_POW	2
CONLL_ALIAS	wsj
CONLL_PATH	C:\Program Files\Python311\Lib\site-packages\thehow\dependency_probe\datasets\conll\wsj
TRAIN_CONLL_PATH	C:\Program Files\Python311\Lib\site-packages\thehow\dependency_probe\datasets\conll\wsj\en_wsj-ud-train.conllu
DEV_CONLL_PATH	C:\Program Files\Python311\Lib\site-packages\thehow\dependency_probe\datasets\conll\wsj\en_wsj-ud-dev.conllu
TEST_CONLL_PATH	C:\Program Files\Python311\Lib\site-packages\thehow\dependency_probe\datasets\conll\wsj\en_wsj-ud-test.conllu
DEPD_DIRECTED	False
DATASET_PKL_PATH	C:\Program Files\Python311\Lib\site-packages\thehow\dependency_probe\datasets\pkl
REPORTS_PATH	C:\Program Files\Python311\Lib\site-packages\thehow\dependency_probe\reports
METHOD	pairwisedepd
