[Mean spearmanr for sents of len 5-50]
0.6686075515608829

[UUAS]
0.4185194901729302

[SPEARMANR]
sent_len	mean_spearmanr
2	0.9999999999999998
3	0.8037190353252435
4	0.6808320681788942
5	0.6335227334272915
6	0.6895826733350418
7	0.6548210376119629
8	0.6585736783047361
9	0.6476886119963965
10	0.6719042632469178
11	0.6479392428661331
12	0.6750117694998012
13	0.6722423132685919
14	0.6472462290653078
15	0.6638939065398989
16	0.667538786459991
17	0.6630244626112634
18	0.6605904784830214
19	0.6628599552651419
20	0.6643888972313574
21	0.6597319026641636
22	0.6706529624430801
23	0.6700876333212666
24	0.6679260141688105
25	0.6558623714130466
26	0.6602079134633014
27	0.6700810309114107
28	0.6843611883498428
29	0.6720478161538346
30	0.668218336700902
31	0.688398404071847
32	0.6817135136481285
33	0.6709372303894487
34	0.6923320012252551
35	0.658455510667168
36	0.68965625771366
37	0.6867605089841944
38	0.6777902983855411
39	0.6656387278416833
40	0.6792979232442734
41	0.6530704940766874
42	0.6730313851684908
43	0.6564895127575553
44	0.6867983826048915
45	0.6929472565137295
46	0.6818939432082397
47	0.6677959943459244
48	0.6833477066612957
49	0.6307074956192005
50	0.6788786158708902
51	0.6794273981555086
52	0.6978819114147501
53	0.6706596622850157
54	0.6046058899665998
55	0.6569281243229439
56	0.617577723487901
57	0.6035336976566955
58	0.6561159288945055
59	0.6215888265627325
60	0.25909504470376693
61	0.5647685451011837
62	0.6127926305043541
63	0.5285919710186286
64	0.5229882419402605
65	0.6308305235796587
66	0.6429779700538775
67	0.5178857438867295
69	0.4515674885344915
90	0.16859695048754994
116	0.22042880459853875
118	0.19633740400486635

[EPOCH LOSSES]
0
1
2
3
4
5
6
7
8
9
10
11
12
13
14
15
16
17
18
19

[SETTINGS]
ROOT_PATH	C:\Program Files\Python311\Lib\site-packages\thehow\dependency_probe
MODEL_NAME	bert_large_uncased
MODEL_PATH	D:\transformers\bert\bert_large_uncased
MODEL_NLAYER	24
NDIM_TOKEN_EMBEDDING	1024
MODEL_CUDA	False
ONSITE_EMBEDDINGS	False
HIDDEN_LAYER	0
ONSITE_PROBES	True
LEARNING_RATE	0.001
PROBE_RANK	4
PROBE_CUDA	False
BATCH_SIZE	100
PROBE_SAVEPATH	C:\Program Files\Python311\Lib\site-packages\thehow\dependency_probe\probes
EPOCHS	20
PROBE_LOSS_POW	2
CONLL_ALIAS	wsj
CONLL_PATH	C:\Program Files\Python311\Lib\site-packages\thehow\dependency_probe\datasets\conll\wsj
TRAIN_CONLL_PATH	C:\Program Files\Python311\Lib\site-packages\thehow\dependency_probe\datasets\conll\wsj\en_wsj-ud-train.conllu
DEV_CONLL_PATH	C:\Program Files\Python311\Lib\site-packages\thehow\dependency_probe\datasets\conll\wsj\en_wsj-ud-dev.conllu
TEST_CONLL_PATH	C:\Program Files\Python311\Lib\site-packages\thehow\dependency_probe\datasets\conll\wsj\en_wsj-ud-test.conllu
DEPD_DIRECTED	False
DATASET_PKL_PATH	C:\Program Files\Python311\Lib\site-packages\thehow\dependency_probe\datasets\pkl
REPORTS_PATH	C:\Program Files\Python311\Lib\site-packages\thehow\dependency_probe\reports
METHOD	pairwisedepd
