[Mean spearmanr for sents of len 5-50]
0.7263030006710042

[UUAS]
0.44791325069412563

[SPEARMANR]
sent_len	mean_spearmanr
2	0.9999999999999998
3	0.7857010173072255
4	0.6691518440112253
5	0.6533820142178932
6	0.6930288155383693
7	0.6946838164360206
8	0.6713026207665979
9	0.7064126024279964
10	0.7083482768875702
11	0.7111463797640138
12	0.7132933259663672
13	0.7238977250235666
14	0.6968898586756436
15	0.7252036491468076
16	0.7260643189155325
17	0.7218228938404291
18	0.7265754474148366
19	0.7398106845092327
20	0.7262667984879486
21	0.7322132236065917
22	0.7380847498200643
23	0.7343817687285924
24	0.7375799340179008
25	0.7403782614204925
26	0.7409784985537966
27	0.7407748214719807
28	0.7505135004034149
29	0.7455626000066025
30	0.7385367040447331
31	0.7509157955349108
32	0.7514869350020793
33	0.7511642311307618
34	0.7622976863678379
35	0.7280914327521281
36	0.7375063951262238
37	0.7500629075962212
38	0.7455926950322804
39	0.7368804020081383
40	0.743793095390189
41	0.7275509844387368
42	0.7277173041692127
43	0.7282086118238073
44	0.7405710488658501
45	0.747348035581295
46	0.7384780624226701
47	0.7142293643278822
48	0.7114609069882984
49	0.6836149913759896
50	0.6958338548386908
51	0.7792424435408307
52	0.7125119183707638
53	0.7222051961614063
54	0.6766369186226986
55	0.7007750725597948
56	0.6496655642738847
57	0.6680523362781333
58	0.668609064616074
59	0.6636269674293462
60	0.35212420072915157
61	0.5953941642086278
62	0.7843133459345482
63	0.7180426430127603
64	0.5876672379203143
65	0.6763613105610536
66	0.6657204554286479
67	0.5745859150285166
69	0.6170815379064764
90	0.4519777231796661
116	0.40819098294061024
118	0.38639803619589796

[EPOCH LOSSES]
0
1
2
3
4
5
6
7
8
9
10
11
12
13
14
15
16
17
18
19

[SETTINGS]
ROOT_PATH	C:\Program Files\Python311\Lib\site-packages\thehow\dependency_probe
MODEL_NAME	bert_large_uncased
MODEL_PATH	D:\transformers\bert\bert_large_uncased
MODEL_NLAYER	24
NDIM_TOKEN_EMBEDDING	1024
MODEL_CUDA	False
ONSITE_EMBEDDINGS	False
HIDDEN_LAYER	18
ONSITE_PROBES	True
LEARNING_RATE	0.001
PROBE_RANK	4
PROBE_CUDA	False
BATCH_SIZE	100
PROBE_SAVEPATH	C:\Program Files\Python311\Lib\site-packages\thehow\dependency_probe\probes
EPOCHS	20
PROBE_LOSS_POW	2
CONLL_ALIAS	wsj
CONLL_PATH	C:\Program Files\Python311\Lib\site-packages\thehow\dependency_probe\datasets\conll\wsj
TRAIN_CONLL_PATH	C:\Program Files\Python311\Lib\site-packages\thehow\dependency_probe\datasets\conll\wsj\en_wsj-ud-train.conllu
DEV_CONLL_PATH	C:\Program Files\Python311\Lib\site-packages\thehow\dependency_probe\datasets\conll\wsj\en_wsj-ud-dev.conllu
TEST_CONLL_PATH	C:\Program Files\Python311\Lib\site-packages\thehow\dependency_probe\datasets\conll\wsj\en_wsj-ud-test.conllu
DEPD_DIRECTED	False
DATASET_PKL_PATH	C:\Program Files\Python311\Lib\site-packages\thehow\dependency_probe\datasets\pkl
REPORTS_PATH	C:\Program Files\Python311\Lib\site-packages\thehow\dependency_probe\reports
METHOD	pairwisedepd
