[Mean spearmanr for sents of len 5-50]
0.7472883110396846

[UUAS]
0.45424236461817624

[SPEARMANR]
sent_len	mean_spearmanr
2	0.9999999999999998
3	0.7721875037937119
4	0.6910477096432802
5	0.6650893792923457
6	0.677939925689532
7	0.7172181376674478
8	0.6660116109524427
9	0.7204805006185185
10	0.7234119262053376
11	0.7181912783345298
12	0.7406598588020734
13	0.7574536846047719
14	0.7184014105505658
15	0.7384048744432903
16	0.7522402629396797
17	0.7566511915203843
18	0.7536944177207695
19	0.7631555722582273
20	0.7551389229018137
21	0.7593958021698616
22	0.7638458558041767
23	0.7590282199874651
24	0.7625821567800559
25	0.7698563035412647
26	0.7609961879463157
27	0.7601321981973121
28	0.7741016466101887
29	0.7718001387506317
30	0.7603304529911776
31	0.7742914660093159
32	0.7723791063989973
33	0.7689321833479746
34	0.7839856094463338
35	0.7589245236823706
36	0.7609888291503387
37	0.7693060857825359
38	0.764485595481016
39	0.7522237531470225
40	0.7647100446877486
41	0.7411361312601713
42	0.7539585369687838
43	0.743929666768418
44	0.7691587110971763
45	0.7777723022605301
46	0.761687436139459
47	0.7359010046384236
48	0.7400334310486568
49	0.7014300118749209
50	0.7138159613551222
51	0.7937542940844807
52	0.7438139983056171
53	0.7261961193864586
54	0.7147044200880428
55	0.7228295963928671
56	0.6639760044813632
57	0.6809887072923682
58	0.6807423720541674
59	0.6928839489481261
60	0.37545893515833034
61	0.6258650279016046
62	0.8113446854837457
63	0.7389619852056097
64	0.6164693792230362
65	0.6706877378597034
66	0.688425270885519
67	0.5827616773124319
69	0.6564512731387456
90	0.4553632266742238
116	0.4334023171002474
118	0.40575555553951537

[EPOCH LOSSES]
0
1
2
3
4
5
6
7
8
9
10
11
12
13
14
15
16
17
18
19

[SETTINGS]
ROOT_PATH	C:\Program Files\Python311\Lib\site-packages\thehow\dependency_probe
MODEL_NAME	bert_large_uncased
MODEL_PATH	D:\transformers\bert\bert_large_uncased
MODEL_NLAYER	24
NDIM_TOKEN_EMBEDDING	1024
MODEL_CUDA	False
ONSITE_EMBEDDINGS	False
HIDDEN_LAYER	17
ONSITE_PROBES	True
LEARNING_RATE	0.001
PROBE_RANK	4
PROBE_CUDA	False
BATCH_SIZE	100
PROBE_SAVEPATH	C:\Program Files\Python311\Lib\site-packages\thehow\dependency_probe\probes
EPOCHS	20
PROBE_LOSS_POW	2
CONLL_ALIAS	wsj
CONLL_PATH	C:\Program Files\Python311\Lib\site-packages\thehow\dependency_probe\datasets\conll\wsj
TRAIN_CONLL_PATH	C:\Program Files\Python311\Lib\site-packages\thehow\dependency_probe\datasets\conll\wsj\en_wsj-ud-train.conllu
DEV_CONLL_PATH	C:\Program Files\Python311\Lib\site-packages\thehow\dependency_probe\datasets\conll\wsj\en_wsj-ud-dev.conllu
TEST_CONLL_PATH	C:\Program Files\Python311\Lib\site-packages\thehow\dependency_probe\datasets\conll\wsj\en_wsj-ud-test.conllu
DEPD_DIRECTED	False
DATASET_PKL_PATH	C:\Program Files\Python311\Lib\site-packages\thehow\dependency_probe\datasets\pkl
REPORTS_PATH	C:\Program Files\Python311\Lib\site-packages\thehow\dependency_probe\reports
METHOD	pairwisedepd
