[Mean spearmanr for sents of len 5-50]
0.6866178766237061

[UUAS]
0.40650619794057846

[SPEARMANR]
sent_len	mean_spearmanr
2	0.9999999999999998
3	0.9028181344243426
4	0.7423191046558866
5	0.6750126481957549
6	0.6673734418033426
7	0.716407410802576
8	0.6850794222786355
9	0.6881343117989211
10	0.69597780137857
11	0.692023524205467
12	0.7119626275610935
13	0.7014294426171163
14	0.6824170524703586
15	0.6965356972843688
16	0.7021557649070982
17	0.694051124861581
18	0.6903691817070836
19	0.6895761074226301
20	0.69792159108846
21	0.6955791823275855
22	0.7007169163953509
23	0.6946346698103115
24	0.7006009066529704
25	0.6843796076783716
26	0.6845151543692466
27	0.6978342862293462
28	0.7029203508297915
29	0.6968505008781634
30	0.6879756654729576
31	0.7049904832309661
32	0.6927730755530891
33	0.6816019023742588
34	0.7075422726198756
35	0.6660775338262584
36	0.6997514781300973
37	0.6851799840118528
38	0.6792288654508108
39	0.6573978585695578
40	0.6860207574751387
41	0.6631021159359436
42	0.670236759735573
43	0.6523543932337625
44	0.6838439244985285
45	0.688100682009845
46	0.6868718259324577
47	0.6663836000987178
48	0.6688852449168328
49	0.6307864822216377
50	0.6808586938381239
51	0.6952745962405881
52	0.7049389790863757
53	0.6431972557683123
54	0.6093596180628135
55	0.6564328874487304
56	0.6204293491438889
57	0.5856044123237139
58	0.6488514249917986
59	0.6412346946675099
60	0.2201339177092566
61	0.5491741043395237
62	0.6779440485862811
63	0.6115989700231015
64	0.48998319871826795
65	0.6438894513380908
66	0.6509868841581175
67	0.49047169892040016
69	0.38923721460294836
90	0.2595702588390709
116	0.24302566544547413
118	0.2684938819378487

[EPOCH LOSSES]
0
1
2
3
4
5
6
7
8
9
10
11
12
13
14
15
16
17
18
19

[SETTINGS]
ROOT_PATH	C:\Program Files\Python311\Lib\site-packages\thehow\dependency_probe
MODEL_NAME	bert_large_uncased
MODEL_PATH	D:\transformers\bert\bert_large_uncased
MODEL_NLAYER	24
NDIM_TOKEN_EMBEDDING	1024
MODEL_CUDA	False
ONSITE_EMBEDDINGS	False
HIDDEN_LAYER	4
ONSITE_PROBES	True
LEARNING_RATE	0.001
PROBE_RANK	4
PROBE_CUDA	False
BATCH_SIZE	100
PROBE_SAVEPATH	C:\Program Files\Python311\Lib\site-packages\thehow\dependency_probe\probes
EPOCHS	20
PROBE_LOSS_POW	2
CONLL_ALIAS	wsj
CONLL_PATH	C:\Program Files\Python311\Lib\site-packages\thehow\dependency_probe\datasets\conll\wsj
TRAIN_CONLL_PATH	C:\Program Files\Python311\Lib\site-packages\thehow\dependency_probe\datasets\conll\wsj\en_wsj-ud-train.conllu
DEV_CONLL_PATH	C:\Program Files\Python311\Lib\site-packages\thehow\dependency_probe\datasets\conll\wsj\en_wsj-ud-dev.conllu
TEST_CONLL_PATH	C:\Program Files\Python311\Lib\site-packages\thehow\dependency_probe\datasets\conll\wsj\en_wsj-ud-test.conllu
DEPD_DIRECTED	False
DATASET_PKL_PATH	C:\Program Files\Python311\Lib\site-packages\thehow\dependency_probe\datasets\pkl
REPORTS_PATH	C:\Program Files\Python311\Lib\site-packages\thehow\dependency_probe\reports
METHOD	pairwisedepd
