[Mean spearmanr for sents of len 5-50]
0.7783813727852129

[UUAS]
0.5448066286263964

[SPEARMANR]
sent_len	mean_spearmanr
2	0.9999999999999998
3	0.8307460623522706
4	0.7040306788699718
5	0.6801452807335391
6	0.7245972020049726
7	0.7411808635281362
8	0.7291294033611497
9	0.7706425282224462
10	0.7534206757970914
11	0.7696665923592702
12	0.7714800054904088
13	0.7831462115454182
14	0.7596041430748033
15	0.7811216449713734
16	0.7832481289811816
17	0.7835232675821512
18	0.7848192975905891
19	0.7876198337622844
20	0.7829049499761025
21	0.7890524783283471
22	0.7877413765955675
23	0.7876196873410412
24	0.7897920821399833
25	0.7929834174680596
26	0.7915021241992736
27	0.7939292573340178
28	0.8003993109313623
29	0.7941111809304783
30	0.7844075758228545
31	0.8007815767994617
32	0.8013307639583949
33	0.8043171345300671
34	0.8102646598830165
35	0.7818921845531402
36	0.785469264590358
37	0.7942653559112959
38	0.7882210805030491
39	0.7893365215694641
40	0.7997283329600912
41	0.7869815613938131
42	0.7781767618176756
43	0.7791845756478354
44	0.794450625384198
45	0.791304873574076
46	0.7898122267477409
47	0.7700842327575429
48	0.7685971968873283
49	0.7402222285288079
50	0.7533334700505376
51	0.8118721899876336
52	0.7632793773210617
53	0.7972586435465293
54	0.7218784914735574
55	0.7316719804638817
56	0.6859558450320941
57	0.726017246046046
58	0.7347639311824501
59	0.6928912076712874
60	0.4265859588058904
61	0.6589269535440088
62	0.8193534184137071
63	0.8067932360407271
64	0.6428104100845453
65	0.744836700313862
66	0.7474165251331703
67	0.6540182809884264
69	0.7162817267241831
90	0.5520523947608412
116	0.515814130659195
118	0.46395126367280864

[EPOCH LOSSES]
0
1
2
3
4
5
6
7
8
9

[SETTINGS]
ROOT_PATH	C:\Program Files\Python311\Lib\site-packages\thehow\dependency_probe
MODEL_NAME	bert_large_uncased
MODEL_PATH	D:\transformers\bert\bert_large_uncased
MODEL_NLAYER	24
NDIM_TOKEN_EMBEDDING	1024
MODEL_CUDA	False
ONSITE_EMBEDDINGS	False
HIDDEN_LAYER	19
ONSITE_PROBES	True
LEARNING_RATE	0.001
PROBE_RANK	64
PROBE_CUDA	False
BATCH_SIZE	100
PROBE_SAVEPATH	C:\Program Files\Python311\Lib\site-packages\thehow\dependency_probe\probes
EPOCHS	10
PROBE_LOSS_POW	2
CONLL_ALIAS	wsj
CONLL_PATH	C:\Program Files\Python311\Lib\site-packages\thehow\dependency_probe\datasets\conll\wsj
TRAIN_CONLL_PATH	C:\Program Files\Python311\Lib\site-packages\thehow\dependency_probe\datasets\conll\wsj\en_wsj-ud-train.conllu
DEV_CONLL_PATH	C:\Program Files\Python311\Lib\site-packages\thehow\dependency_probe\datasets\conll\wsj\en_wsj-ud-dev.conllu
TEST_CONLL_PATH	C:\Program Files\Python311\Lib\site-packages\thehow\dependency_probe\datasets\conll\wsj\en_wsj-ud-test.conllu
DEPD_DIRECTED	False
DATASET_PKL_PATH	C:\Program Files\Python311\Lib\site-packages\thehow\dependency_probe\datasets\pkl
REPORTS_PATH	C:\Program Files\Python311\Lib\site-packages\thehow\dependency_probe\reports
METHOD	pairwisedepd
