[Mean spearmanr for sents of len 5-50]
0.7145573616344741

[UUAS]
0.4614787608491288

[SPEARMANR]
sent_len	mean_spearmanr
2	0.9999999999999998
3	0.8127280443342525
4	0.6924313735244331
5	0.5745244543950836
6	0.7159832208441382
7	0.6720391787341295
8	0.6795305947118434
9	0.6922759682528832
10	0.7083848616111516
11	0.7097522818870887
12	0.7319669938175144
13	0.7425045351696634
14	0.7185059667339241
15	0.724955417032003
16	0.7411819437427173
17	0.7354403299744751
18	0.7347776138450104
19	0.7344127925397309
20	0.737834441523477
21	0.7412263163609139
22	0.7379265238685714
23	0.7303898785509524
24	0.7320519371847971
25	0.727421054885688
26	0.7219120712909769
27	0.7324229012663058
28	0.7373371644081688
29	0.7244501634854625
30	0.716786117663559
31	0.7318918809888378
32	0.734375334148352
33	0.7193076272778064
34	0.7375029169870958
35	0.7066522152942996
36	0.7211618122795391
37	0.7229635186582398
38	0.714619851220156
39	0.7074943319976738
40	0.7180177229202369
41	0.6989094041683629
42	0.7038609870287501
43	0.689038157868138
44	0.716711287373757
45	0.7126432855325151
46	0.7144523937994639
47	0.699538062532244
48	0.7005329666089009
49	0.6724878163292985
50	0.6914823383919165
51	0.7343640343315462
52	0.7207989443828462
53	0.6933141017084791
54	0.6436685185735059
55	0.6816376493473316
56	0.6378693166203768
57	0.616629902696138
58	0.6583817606964696
59	0.6681259344120916
60	0.32910665424753655
61	0.6079338648131813
62	0.6934784397121081
63	0.6764190890917513
64	0.5709777788857092
65	0.7628293969575609
66	0.6909414214109536
67	0.574221331466727
69	0.5450300275457199
90	0.4235930922584572
116	0.39824481123280797
118	0.44524822960853916

[EPOCH LOSSES]
0
1
2
3
4
5
6
7
8
9

[SETTINGS]
ROOT_PATH	C:\Program Files\Python311\Lib\site-packages\thehow\dependency_probe
MODEL_NAME	bert_large_uncased
MODEL_PATH	D:\transformers\bert\bert_large_uncased
MODEL_NLAYER	24
NDIM_TOKEN_EMBEDDING	1024
MODEL_CUDA	False
ONSITE_EMBEDDINGS	False
HIDDEN_LAYER	7
ONSITE_PROBES	True
LEARNING_RATE	0.001
PROBE_RANK	64
PROBE_CUDA	False
BATCH_SIZE	100
PROBE_SAVEPATH	C:\Program Files\Python311\Lib\site-packages\thehow\dependency_probe\probes
EPOCHS	10
PROBE_LOSS_POW	2
CONLL_ALIAS	wsj
CONLL_PATH	C:\Program Files\Python311\Lib\site-packages\thehow\dependency_probe\datasets\conll\wsj
TRAIN_CONLL_PATH	C:\Program Files\Python311\Lib\site-packages\thehow\dependency_probe\datasets\conll\wsj\en_wsj-ud-train.conllu
DEV_CONLL_PATH	C:\Program Files\Python311\Lib\site-packages\thehow\dependency_probe\datasets\conll\wsj\en_wsj-ud-dev.conllu
TEST_CONLL_PATH	C:\Program Files\Python311\Lib\site-packages\thehow\dependency_probe\datasets\conll\wsj\en_wsj-ud-test.conllu
DEPD_DIRECTED	False
DATASET_PKL_PATH	C:\Program Files\Python311\Lib\site-packages\thehow\dependency_probe\datasets\pkl
REPORTS_PATH	C:\Program Files\Python311\Lib\site-packages\thehow\dependency_probe\reports
METHOD	pairwisedepd
