[Mean spearmanr for sents of len 5-50]
0.7013503602786959

[UUAS]
0.4769790778513806

[SPEARMANR]
sent_len	mean_spearmanr
2	0.9999999999999998
3	0.8307460623522706
4	0.7201987012867387
5	0.6704265709494591
6	0.7135741972231686
7	0.6851272027222521
8	0.6706807557418749
9	0.6832235789981452
10	0.7016193044429105
11	0.6907687073038999
12	0.715181423142318
13	0.7181998194473873
14	0.6903106052468795
15	0.7099893891383692
16	0.7220247917475837
17	0.7125820227238806
18	0.7131087722703612
19	0.7079719311869392
20	0.714100950901572
21	0.7108183290847465
22	0.7122692045406441
23	0.7133686913488367
24	0.7126314358949023
25	0.6977520746368552
26	0.6957885755859015
27	0.7052015938395189
28	0.7154157367148141
29	0.7059826260739812
30	0.6958346241474141
31	0.7122781230400586
32	0.7092728208563999
33	0.698386165292634
34	0.7191682686615657
35	0.6851843443906381
36	0.7152733998607456
37	0.707482360468908
38	0.7007072388143496
39	0.6900644009518525
40	0.7058212118675565
41	0.679262739855078
42	0.6937122209094315
43	0.6804998542858418
44	0.7143662746941906
45	0.710314442219817
46	0.7049664668965169
47	0.6900053920024609
48	0.7014837932655517
49	0.6623041892655461
50	0.6976099501662435
51	0.7216062898786034
52	0.7196537424961842
53	0.6767272260520565
54	0.6458553188128621
55	0.6946410025183284
56	0.6322844082937158
57	0.6376379484439829
58	0.6813470285325569
59	0.6750002912772308
60	0.32008172973671306
61	0.5804756602168046
62	0.663752693479336
63	0.6147265913676814
64	0.5885874651380856
65	0.6832618552396005
66	0.7036721731940074
67	0.6118219750675548
69	0.5159824297087712
90	0.3311387135084231
116	0.2994683141610903
118	0.31211190247685483

[EPOCH LOSSES]
0
1
2
3
4
5
6
7
8
9

[SETTINGS]
ROOT_PATH	C:\Program Files\Python311\Lib\site-packages\thehow\dependency_probe
MODEL_NAME	bert_large_uncased
MODEL_PATH	D:\transformers\bert\bert_large_uncased
MODEL_NLAYER	24
NDIM_TOKEN_EMBEDDING	1024
MODEL_CUDA	False
ONSITE_EMBEDDINGS	False
HIDDEN_LAYER	1
ONSITE_PROBES	True
LEARNING_RATE	0.001
PROBE_RANK	64
PROBE_CUDA	False
BATCH_SIZE	100
PROBE_SAVEPATH	C:\Program Files\Python311\Lib\site-packages\thehow\dependency_probe\probes
EPOCHS	10
PROBE_LOSS_POW	2
CONLL_ALIAS	wsj
CONLL_PATH	C:\Program Files\Python311\Lib\site-packages\thehow\dependency_probe\datasets\conll\wsj
TRAIN_CONLL_PATH	C:\Program Files\Python311\Lib\site-packages\thehow\dependency_probe\datasets\conll\wsj\en_wsj-ud-train.conllu
DEV_CONLL_PATH	C:\Program Files\Python311\Lib\site-packages\thehow\dependency_probe\datasets\conll\wsj\en_wsj-ud-dev.conllu
TEST_CONLL_PATH	C:\Program Files\Python311\Lib\site-packages\thehow\dependency_probe\datasets\conll\wsj\en_wsj-ud-test.conllu
DEPD_DIRECTED	False
DATASET_PKL_PATH	C:\Program Files\Python311\Lib\site-packages\thehow\dependency_probe\datasets\pkl
REPORTS_PATH	C:\Program Files\Python311\Lib\site-packages\thehow\dependency_probe\reports
METHOD	pairwisedepd
