[Mean spearmanr for sents of len 5-50]
0.650885809438024

[UUAS]
0.45525895804639166

[SPEARMANR]
sent_len	mean_spearmanr
2	0.9999999999999998
3	0.8532685848747931
4	0.7179300177743327
5	0.6465476400920426
6	0.698611919705856
7	0.6658369835481645
8	0.6439299053292401
9	0.6740761506289027
10	0.6524019714696393
11	0.6563920539241546
12	0.6616507798075565
13	0.672906006032329
14	0.6565747784291518
15	0.6619492998351438
16	0.6529671796704426
17	0.6527316165558106
18	0.661412697909386
19	0.6577700941610114
20	0.6522338272965209
21	0.6579229914523211
22	0.6475914711558135
23	0.6524050724454348
24	0.6479186708051476
25	0.6539298038921042
26	0.6596317221872288
27	0.6551967283905653
28	0.6564668201514157
29	0.6537246139476431
30	0.6346463805307869
31	0.6626212250522414
32	0.6642230781970787
33	0.6634157759093169
34	0.6657197352692962
35	0.6347111544106819
36	0.6458178383156218
37	0.6360142591462904
38	0.6242644901011806
39	0.6482379544629965
40	0.6604397691112404
41	0.6302892675441408
42	0.6508929119571654
43	0.6311907712154292
44	0.648816562181792
45	0.6519370886557893
46	0.6429711234798777
47	0.6361635211286775
48	0.6270963743278988
49	0.6194739079214941
50	0.6090232464070832
51	0.6645336815270868
52	0.6363229868824225
53	0.6401313626954402
54	0.5722033469136047
55	0.6129237343632092
56	0.5870507100534772
57	0.6352995340601796
58	0.6014401442159955
59	0.553515756240136
60	0.3345989865409191
61	0.5786368096885797
62	0.6536370792328182
63	0.5532142298554651
64	0.5311340732779846
65	0.6508351574354482
66	0.6314151816389862
67	0.576523228756481
69	0.6087029773863618
90	0.48652578149505893
116	0.42130197534014985
118	0.3769076068909261

[EPOCH LOSSES]
0
1
2
3
4
5
6
7
8
9

[SETTINGS]
ROOT_PATH	C:\Program Files\Python311\Lib\site-packages\thehow\dependency_probe
MODEL_NAME	bert_large_uncased
MODEL_PATH	D:\transformers\bert\bert_large_uncased
MODEL_NLAYER	24
NDIM_TOKEN_EMBEDDING	1024
MODEL_CUDA	False
ONSITE_EMBEDDINGS	False
HIDDEN_LAYER	23
ONSITE_PROBES	True
LEARNING_RATE	0.001
PROBE_RANK	64
PROBE_CUDA	False
BATCH_SIZE	100
PROBE_SAVEPATH	C:\Program Files\Python311\Lib\site-packages\thehow\dependency_probe\probes
EPOCHS	10
PROBE_LOSS_POW	2
CONLL_ALIAS	wsj
CONLL_PATH	C:\Program Files\Python311\Lib\site-packages\thehow\dependency_probe\datasets\conll\wsj
TRAIN_CONLL_PATH	C:\Program Files\Python311\Lib\site-packages\thehow\dependency_probe\datasets\conll\wsj\en_wsj-ud-train.conllu
DEV_CONLL_PATH	C:\Program Files\Python311\Lib\site-packages\thehow\dependency_probe\datasets\conll\wsj\en_wsj-ud-dev.conllu
TEST_CONLL_PATH	C:\Program Files\Python311\Lib\site-packages\thehow\dependency_probe\datasets\conll\wsj\en_wsj-ud-test.conllu
DEPD_DIRECTED	False
DATASET_PKL_PATH	C:\Program Files\Python311\Lib\site-packages\thehow\dependency_probe\datasets\pkl
REPORTS_PATH	C:\Program Files\Python311\Lib\site-packages\thehow\dependency_probe\reports
METHOD	pairwisedepd
