[Mean spearmanr for sents of len 5-50]
0.6914756543972905

[UUAS]
0.49153931921033645

[SPEARMANR]
sent_len	mean_spearmanr
2	0.9999999999999998
3	0.8532685848747931
4	0.7175122923465631
5	0.6235650666421537
6	0.7019284197613187
7	0.6810462518017625
8	0.6691997449412526
9	0.7066168738568829
10	0.6921137495127759
11	0.6972489257603404
12	0.6975847064366454
13	0.7121698331073825
14	0.6951845505874633
15	0.7064087041342684
16	0.7017344130783942
17	0.6921635345755289
18	0.6990627230746905
19	0.7029189693140354
20	0.6969043897872411
21	0.701579547927474
22	0.6923411120705877
23	0.6978061514831483
24	0.6963717743966823
25	0.6991211795648329
26	0.7018959640997042
27	0.6963535807112975
28	0.7016283855216151
29	0.6998787115408338
30	0.6811917762766162
31	0.7080483797150297
32	0.7070808584768679
33	0.7087127976095074
34	0.715313328623524
35	0.6825910664796285
36	0.6910146167094078
37	0.6837225260472466
38	0.6738805431522661
39	0.6964350765263904
40	0.7015517030443201
41	0.6761928592879853
42	0.6909669438455722
43	0.6762593711552913
44	0.6941827930627826
45	0.7005246803121878
46	0.6909233523276754
47	0.6733100769072616
48	0.6722381602449101
49	0.6600512567929361
50	0.6608606719896448
51	0.7056351986552272
52	0.6784561980403537
53	0.68971591079612
54	0.6277625269056484
55	0.6517845776249168
56	0.6133573792728355
57	0.6552208692809928
58	0.6314965604298998
59	0.5907493677984198
60	0.3725259977886652
61	0.5998724627146673
62	0.7034586007817536
63	0.6355407523845589
64	0.5636992883888123
65	0.6890712050368781
66	0.6676726708008134
67	0.5896016210772816
69	0.6502449021036836
90	0.4981574501658355
116	0.4516340151363124
118	0.40498781297737785

[EPOCH LOSSES]
0
1
2
3
4
5
6
7
8
9

[SETTINGS]
ROOT_PATH	C:\Program Files\Python311\Lib\site-packages\thehow\dependency_probe
MODEL_NAME	bert_large_uncased
MODEL_PATH	D:\transformers\bert\bert_large_uncased
MODEL_NLAYER	24
NDIM_TOKEN_EMBEDDING	1024
MODEL_CUDA	False
ONSITE_EMBEDDINGS	False
HIDDEN_LAYER	21
ONSITE_PROBES	True
LEARNING_RATE	0.001
PROBE_RANK	64
PROBE_CUDA	False
BATCH_SIZE	100
PROBE_SAVEPATH	C:\Program Files\Python311\Lib\site-packages\thehow\dependency_probe\probes
EPOCHS	10
PROBE_LOSS_POW	2
CONLL_ALIAS	wsj
CONLL_PATH	C:\Program Files\Python311\Lib\site-packages\thehow\dependency_probe\datasets\conll\wsj
TRAIN_CONLL_PATH	C:\Program Files\Python311\Lib\site-packages\thehow\dependency_probe\datasets\conll\wsj\en_wsj-ud-train.conllu
DEV_CONLL_PATH	C:\Program Files\Python311\Lib\site-packages\thehow\dependency_probe\datasets\conll\wsj\en_wsj-ud-dev.conllu
TEST_CONLL_PATH	C:\Program Files\Python311\Lib\site-packages\thehow\dependency_probe\datasets\conll\wsj\en_wsj-ud-test.conllu
DEPD_DIRECTED	False
DATASET_PKL_PATH	C:\Program Files\Python311\Lib\site-packages\thehow\dependency_probe\datasets\pkl
REPORTS_PATH	C:\Program Files\Python311\Lib\site-packages\thehow\dependency_probe\reports
METHOD	pairwisedepd
