[Mean spearmanr for sents of len 5-50]
0.7100005638438928

[UUAS]
0.4590957784044949

[SPEARMANR]
sent_len	mean_spearmanr
2	0.9999999999999998
3	0.8532685848747931
4	0.7310252558695708
5	0.6637862248997186
6	0.7171181154963193
7	0.686861183902065
8	0.674699792781566
9	0.6964127543887209
10	0.7037069885686087
11	0.7045195991743793
12	0.7251044072073138
13	0.7292304637037906
14	0.7058771480038364
15	0.7199310879361113
16	0.7276267094385809
17	0.7248494483295977
18	0.7213815568469808
19	0.72215295554473
20	0.7271058373413211
21	0.7247315579838436
22	0.7259556456294678
23	0.7223737528795569
24	0.7263022800672468
25	0.7100028013083648
26	0.7087208130127203
27	0.7205652203304351
28	0.7284602252340059
29	0.723021364785726
30	0.708533561627542
31	0.7226916800938845
32	0.7204678174989386
33	0.7086837580115852
34	0.7300043163903118
35	0.6930684765022703
36	0.7185077987959966
37	0.7169830559055893
38	0.7074227142781733
39	0.6984507446516178
40	0.7084190638019277
41	0.6838248487292494
42	0.6975994843226621
43	0.6831707364522519
44	0.7195426794621788
45	0.7183092287794208
46	0.712263530793175
47	0.6905021481804927
48	0.7093713337846034
49	0.6670528049280164
50	0.7046582190341697
51	0.7240055245457849
52	0.7237933199796781
53	0.68888123344399
54	0.6313248002957316
55	0.6874262107403766
56	0.6330312551803946
57	0.6244694993586719
58	0.6649637733177826
59	0.6720408112739646
60	0.32162076487406527
61	0.5856950285792437
62	0.6935357618196152
63	0.616110606308658
64	0.5804347196301081
65	0.6873838048529755
66	0.6947769446818649
67	0.590289332648256
69	0.49760724620377594
90	0.3346080242489657
116	0.23816027125693992
118	0.2846539880837085

[EPOCH LOSSES]
0
1
2
3
4
5
6
7
8
9

[SETTINGS]
ROOT_PATH	C:\Program Files\Python311\Lib\site-packages\thehow\dependency_probe
MODEL_NAME	bert_large_uncased
MODEL_PATH	D:\transformers\bert\bert_large_uncased
MODEL_NLAYER	24
NDIM_TOKEN_EMBEDDING	1024
MODEL_CUDA	False
ONSITE_EMBEDDINGS	False
HIDDEN_LAYER	3
ONSITE_PROBES	True
LEARNING_RATE	0.001
PROBE_RANK	64
PROBE_CUDA	False
BATCH_SIZE	100
PROBE_SAVEPATH	C:\Program Files\Python311\Lib\site-packages\thehow\dependency_probe\probes
EPOCHS	10
PROBE_LOSS_POW	2
CONLL_ALIAS	wsj
CONLL_PATH	C:\Program Files\Python311\Lib\site-packages\thehow\dependency_probe\datasets\conll\wsj
TRAIN_CONLL_PATH	C:\Program Files\Python311\Lib\site-packages\thehow\dependency_probe\datasets\conll\wsj\en_wsj-ud-train.conllu
DEV_CONLL_PATH	C:\Program Files\Python311\Lib\site-packages\thehow\dependency_probe\datasets\conll\wsj\en_wsj-ud-dev.conllu
TEST_CONLL_PATH	C:\Program Files\Python311\Lib\site-packages\thehow\dependency_probe\datasets\conll\wsj\en_wsj-ud-test.conllu
DEPD_DIRECTED	False
DATASET_PKL_PATH	C:\Program Files\Python311\Lib\site-packages\thehow\dependency_probe\datasets\pkl
REPORTS_PATH	C:\Program Files\Python311\Lib\site-packages\thehow\dependency_probe\reports
METHOD	pairwisedepd
