[Mean spearmanr for sents of len 5-50]
0.7667451938711479

[UUAS]
0.5343564854288275

[SPEARMANR]
sent_len	mean_spearmanr
2	0.9999999999999998
3	0.8487640803702885
4	0.711478992572052
5	0.6504771359032084
6	0.709324801420042
7	0.73517595252061
8	0.7170366781097872
9	0.7516750363118302
10	0.7488037482930097
11	0.7573176760774449
12	0.7538861537369047
13	0.7703876995741032
14	0.7451848265567488
15	0.7724119977528443
16	0.7685960351239154
17	0.7669570339019524
18	0.7698643147210807
19	0.7758676487704849
20	0.7705251910553473
21	0.7763776776009917
22	0.7754994333534989
23	0.775967479552412
24	0.7731212560471017
25	0.7827190155150914
26	0.7801103505540748
27	0.781002593970999
28	0.7877457512367682
29	0.7840377108270923
30	0.7712494654471901
31	0.7900354372806923
32	0.7892189119409695
33	0.7920989815699928
34	0.7970399135300275
35	0.7722861740843682
36	0.7749038112461786
37	0.7806681716229219
38	0.7734073441137616
39	0.7776238846238804
40	0.788035547756988
41	0.7753721266899859
42	0.7690669803246758
43	0.7677725727452226
44	0.7904405734943075
45	0.7839864428294214
46	0.7830355395136293
47	0.7642808852758256
48	0.7601349562073636
49	0.7414469257866072
50	0.7481010735014533
51	0.7972843590597791
52	0.7615166135622122
53	0.7743254815189786
54	0.7237594284290497
55	0.7394306031437643
56	0.6670444262516781
57	0.7297890301420842
58	0.7182062400218624
59	0.6770530461136728
60	0.4038463844773065
61	0.6572944663828895
62	0.8048007096613884
63	0.7787943718709539
64	0.635271913891615
65	0.7301925565016567
66	0.7792821195261355
67	0.6585515417821469
69	0.6948282183955775
90	0.5425761441050314
116	0.5150622280212467
118	0.44377329434953894

[EPOCH LOSSES]
0
1
2
3
4
5
6
7
8
9

[SETTINGS]
ROOT_PATH	C:\Program Files\Python311\Lib\site-packages\thehow\dependency_probe
MODEL_NAME	bert_large_uncased
MODEL_PATH	D:\transformers\bert\bert_large_uncased
MODEL_NLAYER	24
NDIM_TOKEN_EMBEDDING	1024
MODEL_CUDA	False
ONSITE_EMBEDDINGS	False
HIDDEN_LAYER	20
ONSITE_PROBES	True
LEARNING_RATE	0.001
PROBE_RANK	64
PROBE_CUDA	False
BATCH_SIZE	100
PROBE_SAVEPATH	C:\Program Files\Python311\Lib\site-packages\thehow\dependency_probe\probes
EPOCHS	10
PROBE_LOSS_POW	2
CONLL_ALIAS	wsj
CONLL_PATH	C:\Program Files\Python311\Lib\site-packages\thehow\dependency_probe\datasets\conll\wsj
TRAIN_CONLL_PATH	C:\Program Files\Python311\Lib\site-packages\thehow\dependency_probe\datasets\conll\wsj\en_wsj-ud-train.conllu
DEV_CONLL_PATH	C:\Program Files\Python311\Lib\site-packages\thehow\dependency_probe\datasets\conll\wsj\en_wsj-ud-dev.conllu
TEST_CONLL_PATH	C:\Program Files\Python311\Lib\site-packages\thehow\dependency_probe\datasets\conll\wsj\en_wsj-ud-test.conllu
DEPD_DIRECTED	False
DATASET_PKL_PATH	C:\Program Files\Python311\Lib\site-packages\thehow\dependency_probe\datasets\pkl
REPORTS_PATH	C:\Program Files\Python311\Lib\site-packages\thehow\dependency_probe\reports
METHOD	pairwisedepd
