[Mean spearmanr for sents of len 5-50]
0.8112330122761607

[UUAS]
0.5687020397455237

[SPEARMANR]
sent_len	mean_spearmanr
2	0.9999999999999998
3	0.835250566856775
4	0.6985769421674907
5	0.6329580861221601
6	0.7629163151884126
7	0.7679335112619323
8	0.7333413426323333
9	0.8012484589440049
10	0.7874540835432927
11	0.7959436869504412
12	0.8182758442976414
13	0.8317067593668132
14	0.8010711112460731
15	0.8172043892634111
16	0.8241265200041133
17	0.831007916890451
18	0.8265585507976193
19	0.8304361495375807
20	0.8213023250232088
21	0.8281821255524014
22	0.8284671840585448
23	0.8263271807091946
24	0.8277127229415198
25	0.8350823836168505
26	0.8280359721543588
27	0.8317730989785488
28	0.8341113279783748
29	0.8307348543944992
30	0.8193449667382079
31	0.8309324229839644
32	0.8332854805355252
33	0.8287949133460436
34	0.8391080718890739
35	0.8219106376683043
36	0.8215483413871713
37	0.82432618792334
38	0.8223260503152665
39	0.8193571782332151
40	0.8282369726736385
41	0.8133098907289746
42	0.8095478342548713
43	0.8034490205754301
44	0.8211864874774994
45	0.8302023330940382
46	0.8238220614562312
47	0.807440851096741
48	0.8016758358084255
49	0.7725684500668099
50	0.7904326749968359
51	0.8485246604647964
52	0.8099833625017729
53	0.817527986132316
54	0.7629244166172678
55	0.7606516866633609
56	0.7295084012611841
57	0.7605384998093669
58	0.7631896524733384
59	0.741889368477197
60	0.43400455357791495
61	0.6868625898644098
62	0.8424430194631678
63	0.8189664299338937
64	0.6682485029785072
65	0.7771605081199808
66	0.8106590094926793
67	0.7179496268490314
69	0.7227251080663502
90	0.5307671812609039
116	0.5521180830817758
118	0.4877293257324578

[EPOCH LOSSES]
0
1
2
3
4
5
6
7
8
9

[SETTINGS]
ROOT_PATH	C:\Program Files\Python311\Lib\site-packages\thehow\dependency_probe
MODEL_NAME	bert_large_uncased
MODEL_PATH	D:\transformers\bert\bert_large_uncased
MODEL_NLAYER	24
NDIM_TOKEN_EMBEDDING	1024
MODEL_CUDA	False
ONSITE_EMBEDDINGS	False
HIDDEN_LAYER	17
ONSITE_PROBES	True
LEARNING_RATE	0.001
PROBE_RANK	64
PROBE_CUDA	False
BATCH_SIZE	100
PROBE_SAVEPATH	C:\Program Files\Python311\Lib\site-packages\thehow\dependency_probe\probes
EPOCHS	10
PROBE_LOSS_POW	2
CONLL_ALIAS	wsj
CONLL_PATH	C:\Program Files\Python311\Lib\site-packages\thehow\dependency_probe\datasets\conll\wsj
TRAIN_CONLL_PATH	C:\Program Files\Python311\Lib\site-packages\thehow\dependency_probe\datasets\conll\wsj\en_wsj-ud-train.conllu
DEV_CONLL_PATH	C:\Program Files\Python311\Lib\site-packages\thehow\dependency_probe\datasets\conll\wsj\en_wsj-ud-dev.conllu
TEST_CONLL_PATH	C:\Program Files\Python311\Lib\site-packages\thehow\dependency_probe\datasets\conll\wsj\en_wsj-ud-test.conllu
DEPD_DIRECTED	False
DATASET_PKL_PATH	C:\Program Files\Python311\Lib\site-packages\thehow\dependency_probe\datasets\pkl
REPORTS_PATH	C:\Program Files\Python311\Lib\site-packages\thehow\dependency_probe\reports
METHOD	pairwisedepd
