[Mean spearmanr for sents of len 5-50]
0.6434105657857728

[UUAS]
0.45952209177761744

[SPEARMANR]
sent_len	mean_spearmanr
2	0.9999999999999998
3	0.817232548838757
4	0.7152436088341573
5	0.6549756514683367
6	0.6839680414376532
7	0.6629623026714073
8	0.6445263709696396
9	0.6821229943391488
10	0.6614531708168347
11	0.6552449180791518
12	0.6636310442248742
13	0.6762832447830337
14	0.6597720508595706
15	0.6534523779502726
16	0.6546770555198207
17	0.6508180217217122
18	0.6584390392049555
19	0.6534219350000968
20	0.6446678519950096
21	0.6508884826512452
22	0.6406627838436136
23	0.6424752429805676
24	0.6432893828644204
25	0.643484393339412
26	0.6448254802371987
27	0.6432178738993602
28	0.643797963061511
29	0.6439222192084495
30	0.6202949539847679
31	0.650207574622349
32	0.6518004089490179
33	0.652156384338881
34	0.654882025123866
35	0.6209543631616293
36	0.6387685859982307
37	0.6292442987571276
38	0.6154213887271963
39	0.6358812350508849
40	0.6445539174277704
41	0.6204753777022434
42	0.6369982928898399
43	0.625812756202963
44	0.6345388318481124
45	0.6392517168082847
46	0.6332536972727267
47	0.6320621569991116
48	0.6061816755154108
49	0.6047280344214212
50	0.5924384572164164
51	0.6484039743232253
52	0.6221219364129582
53	0.6311967903621806
54	0.5704076394062491
55	0.5884469134867165
56	0.5774987979772216
57	0.6153477310506481
58	0.5792536139914193
59	0.5404067071585315
60	0.319892480305752
61	0.5845660233486757
62	0.6279142802476052
63	0.5326205446906659
64	0.5075629210077294
65	0.6103659397178834
66	0.623349642385593
67	0.5610136352609332
69	0.593023924343862
90	0.4657367260186996
116	0.41454575731096727
118	0.38743686711235864

[EPOCH LOSSES]
0
1
2
3
4
5
6
7
8
9

[SETTINGS]
ROOT_PATH	C:\Program Files\Python311\Lib\site-packages\thehow\dependency_probe
MODEL_NAME	bert_large_uncased
MODEL_PATH	D:\transformers\bert\bert_large_uncased
MODEL_NLAYER	24
NDIM_TOKEN_EMBEDDING	1024
MODEL_CUDA	False
ONSITE_EMBEDDINGS	False
HIDDEN_LAYER	24
ONSITE_PROBES	True
LEARNING_RATE	0.001
PROBE_RANK	64
PROBE_CUDA	False
BATCH_SIZE	100
PROBE_SAVEPATH	C:\Program Files\Python311\Lib\site-packages\thehow\dependency_probe\probes
EPOCHS	10
PROBE_LOSS_POW	2
CONLL_ALIAS	wsj
CONLL_PATH	C:\Program Files\Python311\Lib\site-packages\thehow\dependency_probe\datasets\conll\wsj
TRAIN_CONLL_PATH	C:\Program Files\Python311\Lib\site-packages\thehow\dependency_probe\datasets\conll\wsj\en_wsj-ud-train.conllu
DEV_CONLL_PATH	C:\Program Files\Python311\Lib\site-packages\thehow\dependency_probe\datasets\conll\wsj\en_wsj-ud-dev.conllu
TEST_CONLL_PATH	C:\Program Files\Python311\Lib\site-packages\thehow\dependency_probe\datasets\conll\wsj\en_wsj-ud-test.conllu
DEPD_DIRECTED	False
DATASET_PKL_PATH	C:\Program Files\Python311\Lib\site-packages\thehow\dependency_probe\datasets\pkl
REPORTS_PATH	C:\Program Files\Python311\Lib\site-packages\thehow\dependency_probe\reports
METHOD	pairwisedepd
