[Mean spearmanr for sents of len 5-50]
0.7772685007446378

[UUAS]
0.5214140486653112

[SPEARMANR]
sent_len	mean_spearmanr
2	0.9999999999999998
3	0.808223539829748
4	0.706910275500824
5	0.6606963660835471
6	0.7710236916764726
7	0.7489140786378771
8	0.7580671571034074
9	0.7848639176865347
10	0.7705802619754145
11	0.7898699223893318
12	0.8041609571919149
13	0.8122293855020488
14	0.7764733762025109
15	0.7955768403288703
16	0.8033880620952957
17	0.8013484647515918
18	0.7980185615848345
19	0.7962457214052789
20	0.7910926097876269
21	0.7989840625065108
22	0.7962954024152686
23	0.7908353043754965
24	0.7954913470407582
25	0.7908152321239679
26	0.7847796668739863
27	0.7917801404605767
28	0.800799331659593
29	0.7885659495251749
30	0.7801205482784425
31	0.7885487807576703
32	0.7935615381088889
33	0.7762025208351445
34	0.799749185439257
35	0.7674865909628107
36	0.7800729627274615
37	0.7795477364290511
38	0.7788174386404436
39	0.7716362187342772
40	0.7782038173364484
41	0.7596166274463259
42	0.7592808092957778
43	0.7456466933788888
44	0.7679250924512575
45	0.768424487725746
46	0.7706513394382544
47	0.751973499753417
48	0.7656965726323004
49	0.717900452082898
50	0.7523923104146851
51	0.7829082246994084
52	0.7799407288368465
53	0.7406072532536208
54	0.694869598194236
55	0.7236917013952215
56	0.677924620685313
57	0.6741572360325677
58	0.7160989885075266
59	0.6914774655666844
60	0.3200272672018655
61	0.6182137109203595
62	0.7293796352485844
63	0.7252791857989159
64	0.6107452110399415
65	0.7678739984422692
66	0.7430238250934733
67	0.6397264127943875
69	0.5862249557064003
90	0.4474511727377869
116	0.47748027555636513
118	0.4334575142369673

[EPOCH LOSSES]
0
1
2
3
4
5
6
7
8
9

[SETTINGS]
ROOT_PATH	C:\Program Files\Python311\Lib\site-packages\thehow\dependency_probe
MODEL_NAME	bert_large_uncased
MODEL_PATH	D:\transformers\bert\bert_large_uncased
MODEL_NLAYER	24
NDIM_TOKEN_EMBEDDING	1024
MODEL_CUDA	False
ONSITE_EMBEDDINGS	False
HIDDEN_LAYER	11
ONSITE_PROBES	True
LEARNING_RATE	0.001
PROBE_RANK	64
PROBE_CUDA	False
BATCH_SIZE	100
PROBE_SAVEPATH	C:\Program Files\Python311\Lib\site-packages\thehow\dependency_probe\probes
EPOCHS	10
PROBE_LOSS_POW	2
CONLL_ALIAS	wsj
CONLL_PATH	C:\Program Files\Python311\Lib\site-packages\thehow\dependency_probe\datasets\conll\wsj
TRAIN_CONLL_PATH	C:\Program Files\Python311\Lib\site-packages\thehow\dependency_probe\datasets\conll\wsj\en_wsj-ud-train.conllu
DEV_CONLL_PATH	C:\Program Files\Python311\Lib\site-packages\thehow\dependency_probe\datasets\conll\wsj\en_wsj-ud-dev.conllu
TEST_CONLL_PATH	C:\Program Files\Python311\Lib\site-packages\thehow\dependency_probe\datasets\conll\wsj\en_wsj-ud-test.conllu
DEPD_DIRECTED	False
DATASET_PKL_PATH	C:\Program Files\Python311\Lib\site-packages\thehow\dependency_probe\datasets\pkl
REPORTS_PATH	C:\Program Files\Python311\Lib\site-packages\thehow\dependency_probe\reports
METHOD	pairwisedepd
