[Mean spearmanr for sents of len 5-50]
0.7253336003354562

[UUAS]
0.482171356113771

[SPEARMANR]
sent_len	mean_spearmanr
2	0.9999999999999998
3	0.844259575865784
4	0.7295293231198715
5	0.6423909850386121
6	0.7340764646399907
7	0.6965016428330045
8	0.7060399653201443
9	0.710860793973616
10	0.7165678464649635
11	0.7310620575210665
12	0.7423441374276952
13	0.7449445200456493
14	0.7211095098790488
15	0.7357078230693682
16	0.7490008113864854
17	0.7440524764749639
18	0.7394613974939169
19	0.7408135643449759
20	0.7410247777603628
21	0.7434313050210659
22	0.7440742517794868
23	0.7387308611727562
24	0.7418465629716269
25	0.7314267379843806
26	0.7264466143399357
27	0.7393905312184159
28	0.7421720243031821
29	0.7341782972923748
30	0.7247374778263908
31	0.7391100608707177
32	0.7385246587271964
33	0.72574418245397
34	0.7493684436730642
35	0.7138069761115646
36	0.7339679740881201
37	0.7324095424715629
38	0.7221217687285992
39	0.7131773543842099
40	0.726233062881091
41	0.7027098608089928
42	0.7101601373579676
43	0.7005770695000054
44	0.7287355396475205
45	0.7244278994136858
46	0.7248919573604081
47	0.7080132142354183
48	0.7171859155316516
49	0.6799148616250034
50	0.7118716979767594
51	0.7393029395091334
52	0.7414844920801552
53	0.7037686727060458
54	0.6515952427291342
55	0.7017096814361269
56	0.6397200575688401
57	0.6238897261966776
58	0.6678511016642757
59	0.6820662194563022
60	0.3266615348093379
61	0.5991882516042678
62	0.6952913227210332
63	0.6637873102141849
64	0.569520901224013
65	0.7368934108596018
66	0.7023655638637363
67	0.5873801600562607
69	0.5190485561040632
90	0.3522274483482717
116	0.3106646462356897
118	0.39266252107724847

[EPOCH LOSSES]
0
1
2
3
4
5
6
7
8
9

[SETTINGS]
ROOT_PATH	C:\Program Files\Python311\Lib\site-packages\thehow\dependency_probe
MODEL_NAME	bert_large_uncased
MODEL_PATH	D:\transformers\bert\bert_large_uncased
MODEL_NLAYER	24
NDIM_TOKEN_EMBEDDING	1024
MODEL_CUDA	False
ONSITE_EMBEDDINGS	False
HIDDEN_LAYER	5
ONSITE_PROBES	True
LEARNING_RATE	0.001
PROBE_RANK	64
PROBE_CUDA	False
BATCH_SIZE	100
PROBE_SAVEPATH	C:\Program Files\Python311\Lib\site-packages\thehow\dependency_probe\probes
EPOCHS	10
PROBE_LOSS_POW	2
CONLL_ALIAS	wsj
CONLL_PATH	C:\Program Files\Python311\Lib\site-packages\thehow\dependency_probe\datasets\conll\wsj
TRAIN_CONLL_PATH	C:\Program Files\Python311\Lib\site-packages\thehow\dependency_probe\datasets\conll\wsj\en_wsj-ud-train.conllu
DEV_CONLL_PATH	C:\Program Files\Python311\Lib\site-packages\thehow\dependency_probe\datasets\conll\wsj\en_wsj-ud-dev.conllu
TEST_CONLL_PATH	C:\Program Files\Python311\Lib\site-packages\thehow\dependency_probe\datasets\conll\wsj\en_wsj-ud-test.conllu
DEPD_DIRECTED	False
DATASET_PKL_PATH	C:\Program Files\Python311\Lib\site-packages\thehow\dependency_probe\datasets\pkl
REPORTS_PATH	C:\Program Files\Python311\Lib\site-packages\thehow\dependency_probe\reports
METHOD	pairwisedepd
