[Mean spearmanr for sents of len 5-50]
0.7014158251716509

[UUAS]
0.47025644389060145

[SPEARMANR]
sent_len	mean_spearmanr
2	0.9999999999999998
3	0.8622775938838021
4	0.7334871270726534
5	0.6589864021634052
6	0.727484139371397
7	0.6818651206910995
8	0.680499653302711
9	0.6779044729218148
10	0.7021930172428812
11	0.6910290958943065
12	0.7199076301279692
13	0.720931557510813
14	0.6994385424817182
15	0.7111584070626387
16	0.7192526718648055
17	0.7187961295364983
18	0.7159918490694919
19	0.7139130292970332
20	0.7197007925176425
21	0.7141332651381151
22	0.7189741179563224
23	0.7145635862952037
24	0.7193743732924881
25	0.7009967902947236
26	0.7011819862520239
27	0.7092910462892797
28	0.718546481022354
29	0.712195484816766
30	0.6985773508013899
31	0.7105019786287358
32	0.708004670970404
33	0.6975125588227462
34	0.7213982240836122
35	0.6822233461086589
36	0.7097227313994118
37	0.7055536724002783
38	0.6950393524520111
39	0.6858641077328768
40	0.7004377155779614
41	0.676032913813278
42	0.6910672843455596
43	0.6736114433813515
44	0.7116186696103475
45	0.7015707909302936
46	0.7007815621304239
47	0.6825173951183839
48	0.6979647203056559
49	0.6541401862281443
50	0.6926776406409191
51	0.7178064189896427
52	0.7179917557530151
53	0.6685804343749184
54	0.6263135991166204
55	0.6862907743199077
56	0.6225109709544739
57	0.6250575624170097
58	0.6659776288569773
59	0.6559833475200687
60	0.3133943013579207
61	0.5703924547799907
62	0.6651266006526295
63	0.6265087081922619
64	0.5613910516255957
65	0.6766230349339315
66	0.6976921011165831
67	0.5938831383778003
69	0.483701045764637
90	0.30514830787577346
116	0.26819180307076174
118	0.2856687761101748

[EPOCH LOSSES]
0
1
2
3
4
5
6
7
8
9

[SETTINGS]
ROOT_PATH	C:\Program Files\Python311\Lib\site-packages\thehow\dependency_probe
MODEL_NAME	bert_large_uncased
MODEL_PATH	D:\transformers\bert\bert_large_uncased
MODEL_NLAYER	24
NDIM_TOKEN_EMBEDDING	1024
MODEL_CUDA	False
ONSITE_EMBEDDINGS	False
HIDDEN_LAYER	2
ONSITE_PROBES	True
LEARNING_RATE	0.001
PROBE_RANK	64
PROBE_CUDA	False
BATCH_SIZE	100
PROBE_SAVEPATH	C:\Program Files\Python311\Lib\site-packages\thehow\dependency_probe\probes
EPOCHS	10
PROBE_LOSS_POW	2
CONLL_ALIAS	wsj
CONLL_PATH	C:\Program Files\Python311\Lib\site-packages\thehow\dependency_probe\datasets\conll\wsj
TRAIN_CONLL_PATH	C:\Program Files\Python311\Lib\site-packages\thehow\dependency_probe\datasets\conll\wsj\en_wsj-ud-train.conllu
DEV_CONLL_PATH	C:\Program Files\Python311\Lib\site-packages\thehow\dependency_probe\datasets\conll\wsj\en_wsj-ud-dev.conllu
TEST_CONLL_PATH	C:\Program Files\Python311\Lib\site-packages\thehow\dependency_probe\datasets\conll\wsj\en_wsj-ud-test.conllu
DEPD_DIRECTED	False
DATASET_PKL_PATH	C:\Program Files\Python311\Lib\site-packages\thehow\dependency_probe\datasets\pkl
REPORTS_PATH	C:\Program Files\Python311\Lib\site-packages\thehow\dependency_probe\reports
METHOD	pairwisedepd
