[Mean spearmanr for sents of len 5-50]
0.818166899952601

[UUAS]
0.5720250978334536

[SPEARMANR]
sent_len	mean_spearmanr
2	0.9999999999999998
3	0.8532685848747931
4	0.760369435203706
5	0.7033524239868145
6	0.7847205415251167
7	0.7887519749999184
8	0.7698581715559523
9	0.8105652506432272
10	0.7950959378200525
11	0.8099049131047293
12	0.8281104354526195
13	0.8358242978177569
14	0.8066100747706803
15	0.82037288813823
16	0.830561294152067
17	0.8380090514047587
18	0.8344713270857317
19	0.8373789090364077
20	0.8262621313504251
21	0.8289951639371204
22	0.8348707005838231
23	0.8304507232036203
24	0.833318118390748
25	0.839409032021147
26	0.8338400481170071
27	0.8354228861180673
28	0.8406487874311394
29	0.8352041462691538
30	0.8241738439096011
31	0.837631669010251
32	0.8333619466843508
33	0.832112076041438
34	0.841812276172854
35	0.8241908023050214
36	0.8275875488598555
37	0.8273423540575883
38	0.8265412771465335
39	0.823757508954089
40	0.8298352636862452
41	0.8116572665653985
42	0.8125437216388736
43	0.8007317772369243
44	0.8184356699988335
45	0.8305615955119087
46	0.8269583183748851
47	0.8069363320466806
48	0.8067065178188499
49	0.769025554178422
50	0.7917648487047202
51	0.8526001994132932
52	0.8188201888329945
53	0.8203446158052983
54	0.7592642953186594
55	0.7565639972077487
56	0.727897062555916
57	0.7590523567902546
58	0.758786172109877
59	0.7515455875995835
60	0.4227072124204483
61	0.6757764411185821
62	0.840220430218298
63	0.814586921858476
64	0.6577075831836149
65	0.7760328555751479
66	0.8406665120379799
67	0.7286691610156734
69	0.7088121277924999
90	0.5273866951166273
116	0.5640521557520648
118	0.48433956694468816

[EPOCH LOSSES]
0
1
2
3
4
5
6
7
8
9

[SETTINGS]
ROOT_PATH	C:\Program Files\Python311\Lib\site-packages\thehow\dependency_probe
MODEL_NAME	bert_large_uncased
MODEL_PATH	D:\transformers\bert\bert_large_uncased
MODEL_NLAYER	24
NDIM_TOKEN_EMBEDDING	1024
MODEL_CUDA	False
ONSITE_EMBEDDINGS	False
HIDDEN_LAYER	16
ONSITE_PROBES	True
LEARNING_RATE	0.001
PROBE_RANK	64
PROBE_CUDA	False
BATCH_SIZE	100
PROBE_SAVEPATH	C:\Program Files\Python311\Lib\site-packages\thehow\dependency_probe\probes
EPOCHS	10
PROBE_LOSS_POW	2
CONLL_ALIAS	wsj
CONLL_PATH	C:\Program Files\Python311\Lib\site-packages\thehow\dependency_probe\datasets\conll\wsj
TRAIN_CONLL_PATH	C:\Program Files\Python311\Lib\site-packages\thehow\dependency_probe\datasets\conll\wsj\en_wsj-ud-train.conllu
DEV_CONLL_PATH	C:\Program Files\Python311\Lib\site-packages\thehow\dependency_probe\datasets\conll\wsj\en_wsj-ud-dev.conllu
TEST_CONLL_PATH	C:\Program Files\Python311\Lib\site-packages\thehow\dependency_probe\datasets\conll\wsj\en_wsj-ud-test.conllu
DEPD_DIRECTED	False
DATASET_PKL_PATH	C:\Program Files\Python311\Lib\site-packages\thehow\dependency_probe\datasets\pkl
REPORTS_PATH	C:\Program Files\Python311\Lib\site-packages\thehow\dependency_probe\reports
METHOD	pairwisedepd
