[Mean spearmanr for sents of len 5-50]
0.787234008846898

[UUAS]
0.5537482783498393

[SPEARMANR]
sent_len	mean_spearmanr
2	0.9999999999999998
3	0.808223539829748
4	0.6634735695716512
5	0.6540891606067724
6	0.7334738846425183
7	0.7445735840424228
8	0.734966858070426
9	0.7731627890221621
10	0.7661480675974369
11	0.7798516020857175
12	0.7847681916988996
13	0.7939969832457271
14	0.7714550267547051
15	0.790149559788293
16	0.793362643383336
17	0.7965949345190715
18	0.7930695771454354
19	0.8019454900735272
20	0.7950221146943439
21	0.8009352583230498
22	0.799818798306753
23	0.798235125857738
24	0.7981526638444154
25	0.8056046841413829
26	0.8025096240687678
27	0.8039481469874273
28	0.8087905875052955
29	0.8035671750816348
30	0.7947124489587498
31	0.808406646356952
32	0.8099438959773917
33	0.8121730273307753
34	0.815154344048429
35	0.7959838347710777
36	0.7928010724222814
37	0.8035856043330806
38	0.8009720978287536
39	0.797351269510646
40	0.8068434582513497
41	0.7950356065638505
42	0.7877589343843636
43	0.7839739229973021
44	0.8057494719444848
45	0.7991761766595961
46	0.7998662859429683
47	0.7803827292102264
48	0.7805359185320434
49	0.7488779937171007
50	0.7652871357286296
51	0.828519860136048
52	0.7681022241322939
53	0.8002921162840199
54	0.7301543820956629
55	0.7430070518645296
56	0.7032703842285916
57	0.7374344579733129
58	0.7521265440622986
59	0.7151927832919985
60	0.43652919613753816
61	0.6636724806645208
62	0.8269117161822478
63	0.8149729737048343
64	0.6474204061218123
65	0.7540398579340014
66	0.7907953073530417
67	0.675738198698448
69	0.7226466081201258
90	0.5685464644836956
116	0.5445375590724143
118	0.47420686890087166

[EPOCH LOSSES]
0
1
2
3
4
5
6
7
8
9

[SETTINGS]
ROOT_PATH	C:\Program Files\Python311\Lib\site-packages\thehow\dependency_probe
MODEL_NAME	bert_large_uncased
MODEL_PATH	D:\transformers\bert\bert_large_uncased
MODEL_NLAYER	24
NDIM_TOKEN_EMBEDDING	1024
MODEL_CUDA	False
ONSITE_EMBEDDINGS	False
HIDDEN_LAYER	18
ONSITE_PROBES	True
LEARNING_RATE	0.001
PROBE_RANK	64
PROBE_CUDA	False
BATCH_SIZE	100
PROBE_SAVEPATH	C:\Program Files\Python311\Lib\site-packages\thehow\dependency_probe\probes
EPOCHS	10
PROBE_LOSS_POW	2
CONLL_ALIAS	wsj
CONLL_PATH	C:\Program Files\Python311\Lib\site-packages\thehow\dependency_probe\datasets\conll\wsj
TRAIN_CONLL_PATH	C:\Program Files\Python311\Lib\site-packages\thehow\dependency_probe\datasets\conll\wsj\en_wsj-ud-train.conllu
DEV_CONLL_PATH	C:\Program Files\Python311\Lib\site-packages\thehow\dependency_probe\datasets\conll\wsj\en_wsj-ud-dev.conllu
TEST_CONLL_PATH	C:\Program Files\Python311\Lib\site-packages\thehow\dependency_probe\datasets\conll\wsj\en_wsj-ud-test.conllu
DEPD_DIRECTED	False
DATASET_PKL_PATH	C:\Program Files\Python311\Lib\site-packages\thehow\dependency_probe\datasets\pkl
REPORTS_PATH	C:\Program Files\Python311\Lib\site-packages\thehow\dependency_probe\reports
METHOD	pairwisedepd
