[Mean spearmanr for sents of len 5-50]
0.6641322284388241

[UUAS]
0.47164469513128265

[SPEARMANR]
sent_len	mean_spearmanr
2	0.9999999999999998
3	0.835250566856775
4	0.7102885163815759
5	0.6423358962975513
6	0.7093474717764714
7	0.6657598858814987
8	0.6524599441751389
9	0.6892618652044219
10	0.6754871343016079
11	0.6742844870203595
12	0.6772653365418416
13	0.6864984834885275
14	0.6682776475178815
15	0.6752139517213039
16	0.6640261056925302
17	0.6691712920565703
18	0.6751655902943225
19	0.6731804603348915
20	0.6662208898521532
21	0.673348842975232
22	0.6601963256685144
23	0.6682217656335105
24	0.6660837318782876
25	0.6700479485256017
26	0.6740803436678127
27	0.6672500049565105
28	0.6695108363186522
29	0.665202502180257
30	0.6480494967203495
31	0.676036186219155
32	0.6774218699189535
33	0.6769407810185818
34	0.6801139089639232
35	0.6483304260549205
36	0.6591615342597074
37	0.6508653999745767
38	0.6399981320581382
39	0.6611671359407535
40	0.6732833652815645
41	0.643083779798011
42	0.6635737294857308
43	0.6431713286025904
44	0.6629004194356402
45	0.6679758114423612
46	0.6565172191249203
47	0.6469575316715396
48	0.6420786108995288
49	0.6285749622809421
50	0.6259821350725697
51	0.6763437679863705
52	0.650915911424782
53	0.6535262949316197
54	0.597807558035908
55	0.6134628692441673
56	0.593604677284912
57	0.6395438913304868
58	0.6070254140830392
59	0.559033046430479
60	0.3538147453478092
61	0.5745091304109128
62	0.6631810996678226
63	0.5744293162689638
64	0.5347517078955709
65	0.6475482190089816
66	0.6341422119715094
67	0.5712504106776684
69	0.6077578773933723
90	0.48766519880164433
116	0.4227027220502773
118	0.37821058414735825

[EPOCH LOSSES]
0
1
2
3
4
5
6
7
8
9

[SETTINGS]
ROOT_PATH	C:\Program Files\Python311\Lib\site-packages\thehow\dependency_probe
MODEL_NAME	bert_large_uncased
MODEL_PATH	D:\transformers\bert\bert_large_uncased
MODEL_NLAYER	24
NDIM_TOKEN_EMBEDDING	1024
MODEL_CUDA	False
ONSITE_EMBEDDINGS	False
HIDDEN_LAYER	22
ONSITE_PROBES	True
LEARNING_RATE	0.001
PROBE_RANK	64
PROBE_CUDA	False
BATCH_SIZE	100
PROBE_SAVEPATH	C:\Program Files\Python311\Lib\site-packages\thehow\dependency_probe\probes
EPOCHS	10
PROBE_LOSS_POW	2
CONLL_ALIAS	wsj
CONLL_PATH	C:\Program Files\Python311\Lib\site-packages\thehow\dependency_probe\datasets\conll\wsj
TRAIN_CONLL_PATH	C:\Program Files\Python311\Lib\site-packages\thehow\dependency_probe\datasets\conll\wsj\en_wsj-ud-train.conllu
DEV_CONLL_PATH	C:\Program Files\Python311\Lib\site-packages\thehow\dependency_probe\datasets\conll\wsj\en_wsj-ud-dev.conllu
TEST_CONLL_PATH	C:\Program Files\Python311\Lib\site-packages\thehow\dependency_probe\datasets\conll\wsj\en_wsj-ud-test.conllu
DEPD_DIRECTED	False
DATASET_PKL_PATH	C:\Program Files\Python311\Lib\site-packages\thehow\dependency_probe\datasets\pkl
REPORTS_PATH	C:\Program Files\Python311\Lib\site-packages\thehow\dependency_probe\reports
METHOD	pairwisedepd
