[Mean spearmanr for sents of len 5-50]
0.7295675770560648

[UUAS]
0.4793620602960145

[SPEARMANR]
sent_len	mean_spearmanr
2	0.9999999999999998
3	0.817232548838757
4	0.6854817040722525
5	0.5958826943931679
6	0.6920829779711375
7	0.6819818645352691
8	0.6881160697749503
9	0.7086979590646776
10	0.7113329139545297
11	0.7333378192269119
12	0.749616726655476
13	0.757577639497177
14	0.7320134130308027
15	0.7433718112323531
16	0.7537731161351894
17	0.7471267465011849
18	0.751632206328051
19	0.748087547090578
20	0.7473683940253499
21	0.7520348285699299
22	0.7497091275080463
23	0.7443090439509616
24	0.7447839770948801
25	0.7419312732941162
26	0.7333230515717662
27	0.7480298928256984
28	0.7507614332950551
29	0.741395056667201
30	0.7317988985575725
31	0.7479821339785864
32	0.750346752368907
33	0.7332792231122595
34	0.7538686628303853
35	0.7229647728644868
36	0.7393466599851929
37	0.7364532851239375
38	0.7324787460883185
39	0.7282551794459801
40	0.7362358486748308
41	0.7174317040513849
42	0.7214895859707616
43	0.7117706549183817
44	0.7344193170536601
45	0.7325801210829795
46	0.731490978764897
47	0.7167522394874046
48	0.7282622619024914
49	0.6857067970974252
50	0.7189171370246767
51	0.7516698090729869
52	0.7390557865255099
53	0.7049219642945781
54	0.6729536555595421
55	0.6994686901115577
56	0.6551545110390103
57	0.6460895789024285
58	0.6886256054488616
59	0.6946248572298198
60	0.3178609449912144
61	0.6129198019451673
62	0.7208846305532299
63	0.6902094211328373
64	0.5888951860925262
65	0.7683224958281217
66	0.7191445438145369
67	0.5916058854569477
69	0.5640416758606658
90	0.4178203871498882
116	0.41516758705165907
118	0.43284547389078926

[EPOCH LOSSES]
0
1
2
3
4
5
6
7
8
9

[SETTINGS]
ROOT_PATH	C:\Program Files\Python311\Lib\site-packages\thehow\dependency_probe
MODEL_NAME	bert_large_uncased
MODEL_PATH	D:\transformers\bert\bert_large_uncased
MODEL_NLAYER	24
NDIM_TOKEN_EMBEDDING	1024
MODEL_CUDA	False
ONSITE_EMBEDDINGS	False
HIDDEN_LAYER	8
ONSITE_PROBES	True
LEARNING_RATE	0.001
PROBE_RANK	64
PROBE_CUDA	False
BATCH_SIZE	100
PROBE_SAVEPATH	C:\Program Files\Python311\Lib\site-packages\thehow\dependency_probe\probes
EPOCHS	10
PROBE_LOSS_POW	2
CONLL_ALIAS	wsj
CONLL_PATH	C:\Program Files\Python311\Lib\site-packages\thehow\dependency_probe\datasets\conll\wsj
TRAIN_CONLL_PATH	C:\Program Files\Python311\Lib\site-packages\thehow\dependency_probe\datasets\conll\wsj\en_wsj-ud-train.conllu
DEV_CONLL_PATH	C:\Program Files\Python311\Lib\site-packages\thehow\dependency_probe\datasets\conll\wsj\en_wsj-ud-dev.conllu
TEST_CONLL_PATH	C:\Program Files\Python311\Lib\site-packages\thehow\dependency_probe\datasets\conll\wsj\en_wsj-ud-test.conllu
DEPD_DIRECTED	False
DATASET_PKL_PATH	C:\Program Files\Python311\Lib\site-packages\thehow\dependency_probe\datasets\pkl
REPORTS_PATH	C:\Program Files\Python311\Lib\site-packages\thehow\dependency_probe\reports
METHOD	pairwisedepd
