[Mean spearmanr for sents of len 5-50]
0.7117946897265566

[UUAS]
0.4693710238079622

[SPEARMANR]
sent_len	mean_spearmanr
2	0.9999999999999998
3	0.826241557847766
4	0.7195068693461623
5	0.6023257552950609
6	0.7139871391761633
7	0.66688971442009
8	0.6721835739343213
9	0.7017452288364898
10	0.7018387399041051
11	0.7246150430793945
12	0.7369077486769618
13	0.742754050741154
14	0.7149870621052385
15	0.7266167995288876
16	0.7396779676044026
17	0.7354939321114345
18	0.7321871242404512
19	0.7317076068858503
20	0.7337965106697468
21	0.73460013531512
22	0.7350398237759276
23	0.7270365258911117
24	0.7309225880568939
25	0.7220604511595028
26	0.7182597784960397
27	0.7273396828172456
28	0.7327745390284299
29	0.718297862856232
30	0.7117261130706928
31	0.7286369840372501
32	0.7282439610252652
33	0.7157146785646107
34	0.7340701615007126
35	0.7033148674071118
36	0.7190520057064153
37	0.7184681457088258
38	0.7076503089136321
39	0.7016278965477079
40	0.7108563217560414
41	0.6896123964645346
42	0.6963511102300388
43	0.6816219027542735
44	0.7121576311558884
45	0.70903533952434
46	0.7069952713446593
47	0.6930975140463524
48	0.6933514489238072
49	0.6658354298321204
50	0.6910908543010643
51	0.7312013208842729
52	0.7195591830830269
53	0.6901711314947935
54	0.6363214038767994
55	0.6835214018241119
56	0.622041059698912
57	0.6112947996230365
58	0.6426453461655561
59	0.6627235433092251
60	0.3128987968171379
61	0.5933508739229989
62	0.6836926527893251
63	0.6516166221300022
64	0.5609635831696682
65	0.7338641859503099
66	0.6908964933267742
67	0.5708582869654242
69	0.5018127976209136
90	0.3623337987049921
116	0.3294990577256207
118	0.397421053650904

[EPOCH LOSSES]
0
1
2
3
4
5
6
7
8
9

[SETTINGS]
ROOT_PATH	C:\Program Files\Python311\Lib\site-packages\thehow\dependency_probe
MODEL_NAME	bert_large_uncased
MODEL_PATH	D:\transformers\bert\bert_large_uncased
MODEL_NLAYER	24
NDIM_TOKEN_EMBEDDING	1024
MODEL_CUDA	False
ONSITE_EMBEDDINGS	False
HIDDEN_LAYER	6
ONSITE_PROBES	True
LEARNING_RATE	0.001
PROBE_RANK	64
PROBE_CUDA	False
BATCH_SIZE	100
PROBE_SAVEPATH	C:\Program Files\Python311\Lib\site-packages\thehow\dependency_probe\probes
EPOCHS	10
PROBE_LOSS_POW	2
CONLL_ALIAS	wsj
CONLL_PATH	C:\Program Files\Python311\Lib\site-packages\thehow\dependency_probe\datasets\conll\wsj
TRAIN_CONLL_PATH	C:\Program Files\Python311\Lib\site-packages\thehow\dependency_probe\datasets\conll\wsj\en_wsj-ud-train.conllu
DEV_CONLL_PATH	C:\Program Files\Python311\Lib\site-packages\thehow\dependency_probe\datasets\conll\wsj\en_wsj-ud-dev.conllu
TEST_CONLL_PATH	C:\Program Files\Python311\Lib\site-packages\thehow\dependency_probe\datasets\conll\wsj\en_wsj-ud-test.conllu
DEPD_DIRECTED	False
DATASET_PKL_PATH	C:\Program Files\Python311\Lib\site-packages\thehow\dependency_probe\datasets\pkl
REPORTS_PATH	C:\Program Files\Python311\Lib\site-packages\thehow\dependency_probe\reports
METHOD	pairwisedepd
