[Mean spearmanr for sents of len 5-50]
0.8169965875568118

[UUAS]
0.5719048556000087

[SPEARMANR]
sent_len	mean_spearmanr
2	0.9999999999999998
3	0.8848001164063246
4	0.7453918889774153
5	0.7036211100150163
6	0.7766195247989882
7	0.7961599405894949
8	0.7662519223790822
9	0.8130960922398498
10	0.7998803678008075
11	0.8166831938988283
12	0.8264732387593152
13	0.8401006068213467
14	0.8069399793730945
15	0.8221186965564351
16	0.8313596758673122
17	0.8362491706813879
18	0.8333340070539673
19	0.8346376028655909
20	0.8270344591650503
21	0.8311113323183273
22	0.8334871895693369
23	0.8322529059941227
24	0.8345381482053617
25	0.840561436484451
26	0.8294977110918885
27	0.8360249185419587
28	0.8412105776759283
29	0.8311765709897351
30	0.8233453740636444
31	0.8341635662396321
32	0.8319064699874565
33	0.8315835207549277
34	0.8428403302335945
35	0.8188166657965142
36	0.8227251733636971
37	0.8233539580247318
38	0.8249287837441046
39	0.8198924675043537
40	0.8243029978327499
41	0.8079255772744889
42	0.8112050206769901
43	0.7965139435891349
44	0.8138580985370191
45	0.828217270973113
46	0.8194888091406842
47	0.8034968214563031
48	0.8101135873634833
49	0.7616002836900101
50	0.7911439276300392
51	0.8466933106865565
52	0.8214464997922051
53	0.7954822402694299
54	0.7538486585543013
55	0.7523556388684441
56	0.727552820023556
57	0.7583217055765037
58	0.759088925545893
59	0.7531779613523897
60	0.396353924872079
61	0.6770837324049048
62	0.8152722064176902
63	0.8138320210363648
64	0.6581781183920591
65	0.7769501746046282
66	0.8206828899401444
67	0.7097505344683656
69	0.6882434705060614
90	0.49474980860676326
116	0.52043802521697
118	0.45659641693930625

[EPOCH LOSSES]
0
1
2
3
4
5
6
7
8
9

[SETTINGS]
ROOT_PATH	C:\Program Files\Python311\Lib\site-packages\thehow\dependency_probe
MODEL_NAME	bert_large_uncased
MODEL_PATH	D:\transformers\bert\bert_large_uncased
MODEL_NLAYER	24
NDIM_TOKEN_EMBEDDING	1024
MODEL_CUDA	False
ONSITE_EMBEDDINGS	False
HIDDEN_LAYER	15
ONSITE_PROBES	True
LEARNING_RATE	0.001
PROBE_RANK	64
PROBE_CUDA	False
BATCH_SIZE	100
PROBE_SAVEPATH	C:\Program Files\Python311\Lib\site-packages\thehow\dependency_probe\probes
EPOCHS	10
PROBE_LOSS_POW	2
CONLL_ALIAS	wsj
CONLL_PATH	C:\Program Files\Python311\Lib\site-packages\thehow\dependency_probe\datasets\conll\wsj
TRAIN_CONLL_PATH	C:\Program Files\Python311\Lib\site-packages\thehow\dependency_probe\datasets\conll\wsj\en_wsj-ud-train.conllu
DEV_CONLL_PATH	C:\Program Files\Python311\Lib\site-packages\thehow\dependency_probe\datasets\conll\wsj\en_wsj-ud-dev.conllu
TEST_CONLL_PATH	C:\Program Files\Python311\Lib\site-packages\thehow\dependency_probe\datasets\conll\wsj\en_wsj-ud-test.conllu
DEPD_DIRECTED	False
DATASET_PKL_PATH	C:\Program Files\Python311\Lib\site-packages\thehow\dependency_probe\datasets\pkl
REPORTS_PATH	C:\Program Files\Python311\Lib\site-packages\thehow\dependency_probe\reports
METHOD	pairwisedepd
