[Mean spearmanr for sents of len 5-50]
0.8123630849247437

[UUAS]
0.5697951509586585

[SPEARMANR]
sent_len	mean_spearmanr
2	0.9999999999999998
3	0.8307460623522706
4	0.7401313399656108
5	0.7256016786337748
6	0.7840371152600573
7	0.8011047543819656
8	0.7871537075118354
9	0.8127247592934794
10	0.8096738578685463
11	0.8209638416619516
12	0.8348809783813272
13	0.8498138045441003
14	0.8122981478640334
15	0.8282755934252743
16	0.8304503296810107
17	0.8339128680195556
18	0.8312733650483788
19	0.828634938256878
20	0.822197469532707
21	0.8273729705521694
22	0.826535198102026
23	0.8269342001523236
24	0.8288795660792029
25	0.8290076502092355
26	0.8191390431769661
27	0.8245541414918686
28	0.8317077617298738
29	0.8249298088647004
30	0.8142198629922005
31	0.8227827657620255
32	0.8239614401529363
33	0.8148336423608413
34	0.8345761945385183
35	0.8091050213029023
36	0.813375912731474
37	0.8135322562067508
38	0.8172680220524234
39	0.8094121418711544
40	0.8161704110591007
41	0.8006071872097827
42	0.7961664420788908
43	0.7838685393336193
44	0.802576791389962
45	0.8102653188393224
46	0.8045178962445682
47	0.7962610988519531
48	0.7998151399458365
49	0.7457744343690095
50	0.787553837521698
51	0.8266964055813019
52	0.8129674113275271
53	0.7712942204854855
54	0.7247004063818195
55	0.7434497199412903
56	0.7084923917014271
57	0.7332400181023269
58	0.7592452693609923
59	0.7219265138432301
60	0.37035685707263244
61	0.6504031912191939
62	0.7669065593986649
63	0.7802688800562544
64	0.6514442342447552
65	0.7932732187676337
66	0.805576315773783
67	0.6824874154482877
69	0.6670517948939533
90	0.48921329311171635
116	0.5164888608433252
118	0.451243015948219

[EPOCH LOSSES]
0
1
2
3
4
5
6
7
8
9

[SETTINGS]
ROOT_PATH	C:\Program Files\Python311\Lib\site-packages\thehow\dependency_probe
MODEL_NAME	bert_large_uncased
MODEL_PATH	D:\transformers\bert\bert_large_uncased
MODEL_NLAYER	24
NDIM_TOKEN_EMBEDDING	1024
MODEL_CUDA	False
ONSITE_EMBEDDINGS	False
HIDDEN_LAYER	13
ONSITE_PROBES	True
LEARNING_RATE	0.001
PROBE_RANK	64
PROBE_CUDA	False
BATCH_SIZE	100
PROBE_SAVEPATH	C:\Program Files\Python311\Lib\site-packages\thehow\dependency_probe\probes
EPOCHS	10
PROBE_LOSS_POW	2
CONLL_ALIAS	wsj
CONLL_PATH	C:\Program Files\Python311\Lib\site-packages\thehow\dependency_probe\datasets\conll\wsj
TRAIN_CONLL_PATH	C:\Program Files\Python311\Lib\site-packages\thehow\dependency_probe\datasets\conll\wsj\en_wsj-ud-train.conllu
DEV_CONLL_PATH	C:\Program Files\Python311\Lib\site-packages\thehow\dependency_probe\datasets\conll\wsj\en_wsj-ud-dev.conllu
TEST_CONLL_PATH	C:\Program Files\Python311\Lib\site-packages\thehow\dependency_probe\datasets\conll\wsj\en_wsj-ud-test.conllu
DEPD_DIRECTED	False
DATASET_PKL_PATH	C:\Program Files\Python311\Lib\site-packages\thehow\dependency_probe\datasets\pkl
REPORTS_PATH	C:\Program Files\Python311\Lib\site-packages\thehow\dependency_probe\reports
METHOD	pairwisedepd
