[Mean spearmanr for sents of len 5-50]
0.7288286790461774

[UUAS]
0.48417174963380777

[SPEARMANR]
sent_len	mean_spearmanr
2	0.9999999999999998
3	0.835250566856775
4	0.757795295132077
5	0.6779465847691205
6	0.7310381054054437
7	0.7088636862904464
8	0.7019800472629281
9	0.7125753374746822
10	0.7227301864547606
11	0.7382580198757119
12	0.7493586773737737
13	0.7478764186006642
14	0.7236958015793348
15	0.7420469016256763
16	0.7520557410707105
17	0.7450607549297219
18	0.740021922612807
19	0.7388255957502449
20	0.7428506762750903
21	0.7435230989582442
22	0.7449822133360359
23	0.7405955053268934
24	0.7464516959935116
25	0.7289115786214846
26	0.7273781769827766
27	0.7393104839711854
28	0.7444372299395632
29	0.7373132653623405
30	0.7274859933014075
31	0.7426841183376116
32	0.7352120654074873
33	0.7249684912604939
34	0.7512622058684701
35	0.7155428307671682
36	0.7382565529833037
37	0.7342663439427899
38	0.7245829564177594
39	0.7171755350461878
40	0.7274750561877072
41	0.7058743009397708
42	0.715955437924935
43	0.7024281383416344
44	0.7356606546150163
45	0.7315300122243446
46	0.729860853118776
47	0.7078041251419747
48	0.7302804448357254
49	0.6825009460352011
50	0.7172244675832397
51	0.7370973541952346
52	0.7395121257986589
53	0.7045895881830274
54	0.6511819754048134
55	0.699549685361455
56	0.647143129819485
57	0.6331442265248304
58	0.6726303972439253
59	0.6845606835344497
60	0.3320369296587045
61	0.6078513478943446
62	0.6930466188539283
63	0.6624425247896257
64	0.5846121028653972
65	0.7281694616720115
66	0.7072082193423925
67	0.5839001665086372
69	0.5191831038501096
90	0.363278074983677
116	0.2953923546614932
118	0.3653377347020712

[EPOCH LOSSES]
0
1
2
3
4
5
6
7
8
9

[SETTINGS]
ROOT_PATH	C:\Program Files\Python311\Lib\site-packages\thehow\dependency_probe
MODEL_NAME	bert_large_uncased
MODEL_PATH	D:\transformers\bert\bert_large_uncased
MODEL_NLAYER	24
NDIM_TOKEN_EMBEDDING	1024
MODEL_CUDA	False
ONSITE_EMBEDDINGS	False
HIDDEN_LAYER	4
ONSITE_PROBES	True
LEARNING_RATE	0.001
PROBE_RANK	64
PROBE_CUDA	False
BATCH_SIZE	100
PROBE_SAVEPATH	C:\Program Files\Python311\Lib\site-packages\thehow\dependency_probe\probes
EPOCHS	10
PROBE_LOSS_POW	2
CONLL_ALIAS	wsj
CONLL_PATH	C:\Program Files\Python311\Lib\site-packages\thehow\dependency_probe\datasets\conll\wsj
TRAIN_CONLL_PATH	C:\Program Files\Python311\Lib\site-packages\thehow\dependency_probe\datasets\conll\wsj\en_wsj-ud-train.conllu
DEV_CONLL_PATH	C:\Program Files\Python311\Lib\site-packages\thehow\dependency_probe\datasets\conll\wsj\en_wsj-ud-dev.conllu
TEST_CONLL_PATH	C:\Program Files\Python311\Lib\site-packages\thehow\dependency_probe\datasets\conll\wsj\en_wsj-ud-test.conllu
DEPD_DIRECTED	False
DATASET_PKL_PATH	C:\Program Files\Python311\Lib\site-packages\thehow\dependency_probe\datasets\pkl
REPORTS_PATH	C:\Program Files\Python311\Lib\site-packages\thehow\dependency_probe\reports
METHOD	pairwisedepd
