[Mean spearmanr for sents of len 5-50]
0.7408747216276407

[UUAS]
0.4781049824009095

[SPEARMANR]
sent_len	mean_spearmanr
2	0.9999999999999998
3	0.808223539829748
4	0.7139408637751347
5	0.6165258558048433
6	0.688030964189182
7	0.693979308514525
8	0.6914766782719031
9	0.7285098699485679
10	0.7253530726612678
11	0.7391642256325578
12	0.7590835938234917
13	0.7720063576664662
14	0.7401413087765648
15	0.7593428466550838
16	0.7632405842207004
17	0.7595612192138343
18	0.758151384688802
19	0.7590157151811049
20	0.7572076336390773
21	0.7637937309296824
22	0.7632614145571579
23	0.7579362863098763
24	0.7586388833117452
25	0.7537184323624728
26	0.7459189855914602
27	0.7623799873760174
28	0.7627248534436388
29	0.7563954897446886
30	0.7451796040772082
31	0.7586571197316827
32	0.7618741856359124
33	0.7467596344816972
34	0.7724277719660289
35	0.7360155892956775
36	0.7514288496035513
37	0.7495257370350785
38	0.7470156701388251
39	0.7409851774367271
40	0.7464464499715359
41	0.7231954869110339
42	0.7322411987433992
43	0.7244746544503602
44	0.7412113264879797
45	0.7435673935373286
46	0.7428397102935053
47	0.7250044480256626
48	0.7400218159625539
49	0.690935206385394
50	0.7248714821856107
51	0.7497375573517211
52	0.7464387643690233
53	0.7115486586081881
54	0.6777422452494506
55	0.7009294932720017
56	0.649321375459676
57	0.6478702143051052
58	0.6977811611423459
59	0.6898086782832659
60	0.30061662060289024
61	0.6053453096836067
62	0.697123870977722
63	0.6978504032879298
64	0.5958894329273705
65	0.7558806678653804
66	0.7341452754494135
67	0.6150666414999669
69	0.5640645381829296
90	0.43572926452188193
116	0.43787971408640486
118	0.4384042818346708

[EPOCH LOSSES]
0
1
2
3
4
5
6
7
8
9

[SETTINGS]
ROOT_PATH	C:\Program Files\Python311\Lib\site-packages\thehow\dependency_probe
MODEL_NAME	bert_large_uncased
MODEL_PATH	D:\transformers\bert\bert_large_uncased
MODEL_NLAYER	24
NDIM_TOKEN_EMBEDDING	1024
MODEL_CUDA	False
ONSITE_EMBEDDINGS	False
HIDDEN_LAYER	9
ONSITE_PROBES	True
LEARNING_RATE	0.001
PROBE_RANK	64
PROBE_CUDA	False
BATCH_SIZE	100
PROBE_SAVEPATH	C:\Program Files\Python311\Lib\site-packages\thehow\dependency_probe\probes
EPOCHS	10
PROBE_LOSS_POW	2
CONLL_ALIAS	wsj
CONLL_PATH	C:\Program Files\Python311\Lib\site-packages\thehow\dependency_probe\datasets\conll\wsj
TRAIN_CONLL_PATH	C:\Program Files\Python311\Lib\site-packages\thehow\dependency_probe\datasets\conll\wsj\en_wsj-ud-train.conllu
DEV_CONLL_PATH	C:\Program Files\Python311\Lib\site-packages\thehow\dependency_probe\datasets\conll\wsj\en_wsj-ud-dev.conllu
TEST_CONLL_PATH	C:\Program Files\Python311\Lib\site-packages\thehow\dependency_probe\datasets\conll\wsj\en_wsj-ud-test.conllu
DEPD_DIRECTED	False
DATASET_PKL_PATH	C:\Program Files\Python311\Lib\site-packages\thehow\dependency_probe\datasets\pkl
REPORTS_PATH	C:\Program Files\Python311\Lib\site-packages\thehow\dependency_probe\reports
METHOD	pairwisedepd
