[Mean spearmanr for sents of len 5-50]
0.6926296353524485

[UUAS]
0.47975558033274307

[SPEARMANR]
sent_len	mean_spearmanr
2	0.9999999999999998
3	0.8757911073973156
4	0.7129435752753351
5	0.6815838147125167
6	0.7289326127528395
7	0.6894293127251369
8	0.6856459930502493
9	0.6812432709339283
10	0.7006842012007936
11	0.6851839139814516
12	0.7126969493131527
13	0.6991096317461336
14	0.6748180304079752
15	0.6921009704833186
16	0.7045745420320575
17	0.695777354391576
18	0.695382254796501
19	0.6925531667538187
20	0.6943963350900489
21	0.688811364017987
22	0.6950672696553822
23	0.6943922931433582
24	0.6949764377527495
25	0.6814513766339393
26	0.6825856852339458
27	0.6894791242273595
28	0.7021431153625045
29	0.6921037514298326
30	0.6851915993141702
31	0.7025490639164622
32	0.6998538428980484
33	0.6848307287391082
34	0.7089393910399414
35	0.6734600510670261
36	0.7035965187963859
37	0.6990078126060525
38	0.6896247946342279
39	0.6871336944300419
40	0.6986670522103569
41	0.67145743753986
42	0.6856289924122174
43	0.6737624741777549
44	0.710215108129703
45	0.7073221626144144
46	0.6988237293967184
47	0.6844897461718821
48	0.6998569992248913
49	0.6657849495817125
50	0.6956443054831025
51	0.7119061635427456
52	0.7134436472166821
53	0.68542702349761
54	0.6377359286692615
55	0.6988515386870113
56	0.6304079393298967
57	0.6348318345794097
58	0.6846597915910037
59	0.6806897854802274
60	0.3916628023305832
61	0.598576091475893
62	0.6744571508193539
63	0.6455878565255212
64	0.6065072131094241
65	0.6945221753173249
66	0.7165883591035759
67	0.6039998883945851
69	0.585268692349241
90	0.3913814481737539
116	0.3516926032683905
118	0.3301248741098751

[EPOCH LOSSES]
0
1
2
3
4
5
6
7
8
9

[SETTINGS]
ROOT_PATH	C:\Program Files\Python311\Lib\site-packages\thehow\dependency_probe
MODEL_NAME	bert_large_uncased
MODEL_PATH	D:\transformers\bert\bert_large_uncased
MODEL_NLAYER	24
NDIM_TOKEN_EMBEDDING	1024
MODEL_CUDA	False
ONSITE_EMBEDDINGS	False
HIDDEN_LAYER	0
ONSITE_PROBES	True
LEARNING_RATE	0.001
PROBE_RANK	64
PROBE_CUDA	False
BATCH_SIZE	100
PROBE_SAVEPATH	C:\Program Files\Python311\Lib\site-packages\thehow\dependency_probe\probes
EPOCHS	10
PROBE_LOSS_POW	2
CONLL_ALIAS	wsj
CONLL_PATH	C:\Program Files\Python311\Lib\site-packages\thehow\dependency_probe\datasets\conll\wsj
TRAIN_CONLL_PATH	C:\Program Files\Python311\Lib\site-packages\thehow\dependency_probe\datasets\conll\wsj\en_wsj-ud-train.conllu
DEV_CONLL_PATH	C:\Program Files\Python311\Lib\site-packages\thehow\dependency_probe\datasets\conll\wsj\en_wsj-ud-dev.conllu
TEST_CONLL_PATH	C:\Program Files\Python311\Lib\site-packages\thehow\dependency_probe\datasets\conll\wsj\en_wsj-ud-test.conllu
DEPD_DIRECTED	False
DATASET_PKL_PATH	C:\Program Files\Python311\Lib\site-packages\thehow\dependency_probe\datasets\pkl
REPORTS_PATH	C:\Program Files\Python311\Lib\site-packages\thehow\dependency_probe\reports
METHOD	pairwisedepd
