[Mean spearmanr for sents of len 5-50]
0.7590530230514837

[UUAS]
0.509072823069019

[SPEARMANR]
sent_len	mean_spearmanr
2	0.9999999999999998
3	0.835250566856775
4	0.6888599449530045
5	0.6528112114539776
6	0.7291740860706484
7	0.7234999160562661
8	0.7233133699539093
9	0.7577514409537306
10	0.7528806820578331
11	0.7673491578738414
12	0.7835935448870612
13	0.7929918901692179
14	0.755700811234664
15	0.7751657961943753
16	0.7856550695735756
17	0.7796645434052273
18	0.7770340876044026
19	0.777815805992089
20	0.7722155587277483
21	0.7831528371920632
22	0.7777417426884926
23	0.7739122368292001
24	0.7798483908434444
25	0.7722911757654951
26	0.7659374911139102
27	0.779916783454822
28	0.7822990774217229
29	0.7742452521624987
30	0.7605836114625919
31	0.7735047303068429
32	0.7759690558643995
33	0.7629768275704834
34	0.7857234981042648
35	0.7478589508146296
36	0.764290790251498
37	0.7651132913536611
38	0.7655445575189093
39	0.7548221653487027
40	0.7605097479975182
41	0.738504802511878
42	0.7438335804848977
43	0.7361588178443289
44	0.7540641815112961
45	0.7555977537396666
46	0.7525726847697964
47	0.735829433300773
48	0.7518924729812483
49	0.6962943684251897
50	0.7388317785254523
51	0.7604980145597129
52	0.7605404688842105
53	0.718064305252499
54	0.677388671006109
55	0.7110655480481503
56	0.6597107535206514
57	0.6679899396173554
58	0.709455252091081
59	0.6938466022647286
60	0.3035887221993555
61	0.6189826272300883
62	0.7032377122225728
63	0.7096603951482319
64	0.602797634665238
65	0.7533450393253087
66	0.7346157039529818
67	0.6498044142815126
69	0.569776717373621
90	0.4387402410550605
116	0.4606014051331224
118	0.43432932061069746

[EPOCH LOSSES]
0
1
2
3
4
5
6
7
8
9

[SETTINGS]
ROOT_PATH	C:\Program Files\Python311\Lib\site-packages\thehow\dependency_probe
MODEL_NAME	bert_large_uncased
MODEL_PATH	D:\transformers\bert\bert_large_uncased
MODEL_NLAYER	24
NDIM_TOKEN_EMBEDDING	1024
MODEL_CUDA	False
ONSITE_EMBEDDINGS	False
HIDDEN_LAYER	10
ONSITE_PROBES	True
LEARNING_RATE	0.001
PROBE_RANK	64
PROBE_CUDA	False
BATCH_SIZE	100
PROBE_SAVEPATH	C:\Program Files\Python311\Lib\site-packages\thehow\dependency_probe\probes
EPOCHS	10
PROBE_LOSS_POW	2
CONLL_ALIAS	wsj
CONLL_PATH	C:\Program Files\Python311\Lib\site-packages\thehow\dependency_probe\datasets\conll\wsj
TRAIN_CONLL_PATH	C:\Program Files\Python311\Lib\site-packages\thehow\dependency_probe\datasets\conll\wsj\en_wsj-ud-train.conllu
DEV_CONLL_PATH	C:\Program Files\Python311\Lib\site-packages\thehow\dependency_probe\datasets\conll\wsj\en_wsj-ud-dev.conllu
TEST_CONLL_PATH	C:\Program Files\Python311\Lib\site-packages\thehow\dependency_probe\datasets\conll\wsj\en_wsj-ud-test.conllu
DEPD_DIRECTED	False
DATASET_PKL_PATH	C:\Program Files\Python311\Lib\site-packages\thehow\dependency_probe\datasets\pkl
REPORTS_PATH	C:\Program Files\Python311\Lib\site-packages\thehow\dependency_probe\reports
METHOD	pairwisedepd
