[Mean spearmanr for sents of len 5-50]
0.8165602845054809

[UUAS]
0.5689097308760194

[SPEARMANR]
sent_len	mean_spearmanr
2	0.9999999999999998
3	0.8577730893792975
4	0.7427054800372398
5	0.6935715090998801
6	0.7827274124797076
7	0.7950386044380993
8	0.7815748906278723
9	0.8137965665975396
10	0.8073455012769576
11	0.8239520596607817
12	0.8354784774333347
13	0.8485510374137732
14	0.8113256808571865
15	0.8275831957711683
16	0.8306295285105264
17	0.837332141641849
18	0.8329957582322617
19	0.8347223685673262
20	0.8279577563289969
21	0.8311868198587772
22	0.8337632923363745
23	0.8331861775836046
24	0.8341541181312482
25	0.8384443974277573
26	0.8250854648540866
27	0.8319389508160345
28	0.8380687556365918
29	0.829884433090056
30	0.8197971121735083
31	0.8317272196782612
32	0.8289580794570492
33	0.8236894670454861
34	0.840413189972945
35	0.8152733220091429
36	0.8204892224152629
37	0.8205021327431655
38	0.822496349399913
39	0.8179706087959958
40	0.82297937849959
41	0.8059146919545831
42	0.8075598195243736
43	0.792676805370061
44	0.8115424836323841
45	0.8208848381390162
46	0.8156581499302238
47	0.8064346129900806
48	0.8073765341935193
49	0.7551742093156338
50	0.79395996134013
51	0.8425138370858924
52	0.8230092159726332
53	0.7844500079155452
54	0.7423912726040884
55	0.7520331466012179
56	0.7281487715012004
57	0.7468024556224067
58	0.771886815406055
59	0.7426331018373118
60	0.39032426302184775
61	0.6661002049443648
62	0.8003310491892369
63	0.8029574399027078
64	0.6541792578790881
65	0.7920854094716322
66	0.8158525699439318
67	0.7024588520686621
69	0.6710918749511109
90	0.49135865036155013
116	0.5270805320616848
118	0.47292116237926773

[EPOCH LOSSES]
0
1
2
3
4
5
6
7
8
9

[SETTINGS]
ROOT_PATH	C:\Program Files\Python311\Lib\site-packages\thehow\dependency_probe
MODEL_NAME	bert_large_uncased
MODEL_PATH	D:\transformers\bert\bert_large_uncased
MODEL_NLAYER	24
NDIM_TOKEN_EMBEDDING	1024
MODEL_CUDA	False
ONSITE_EMBEDDINGS	False
HIDDEN_LAYER	14
ONSITE_PROBES	True
LEARNING_RATE	0.001
PROBE_RANK	64
PROBE_CUDA	False
BATCH_SIZE	100
PROBE_SAVEPATH	C:\Program Files\Python311\Lib\site-packages\thehow\dependency_probe\probes
EPOCHS	10
PROBE_LOSS_POW	2
CONLL_ALIAS	wsj
CONLL_PATH	C:\Program Files\Python311\Lib\site-packages\thehow\dependency_probe\datasets\conll\wsj
TRAIN_CONLL_PATH	C:\Program Files\Python311\Lib\site-packages\thehow\dependency_probe\datasets\conll\wsj\en_wsj-ud-train.conllu
DEV_CONLL_PATH	C:\Program Files\Python311\Lib\site-packages\thehow\dependency_probe\datasets\conll\wsj\en_wsj-ud-dev.conllu
TEST_CONLL_PATH	C:\Program Files\Python311\Lib\site-packages\thehow\dependency_probe\datasets\conll\wsj\en_wsj-ud-test.conllu
DEPD_DIRECTED	False
DATASET_PKL_PATH	C:\Program Files\Python311\Lib\site-packages\thehow\dependency_probe\datasets\pkl
REPORTS_PATH	C:\Program Files\Python311\Lib\site-packages\thehow\dependency_probe\reports
METHOD	pairwisedepd
