[Mean spearmanr for sents of len 5-50]
0.7926247687762095

[UUAS]
0.5496381801884523

[SPEARMANR]
sent_len	mean_spearmanr
2	0.9999999999999998
3	0.844259575865784
4	0.7282265780608489
5	0.6794580030970482
6	0.78992572549559
7	0.7756301960887328
8	0.7732507536675075
9	0.7988805439563894
10	0.788548661084539
11	0.8074943928679604
12	0.8173283042516338
13	0.8258984399154484
14	0.793387140517782
15	0.8093101681195213
16	0.8145773634097452
17	0.8149518833145862
18	0.8112115272949644
19	0.8117933039160812
20	0.8070430859423973
21	0.8097200263424557
22	0.8086526241298724
23	0.8061907302714862
24	0.8111928919733652
25	0.8049143385767918
26	0.7984673518559949
27	0.8079913947817245
28	0.8113498342058398
29	0.8035296589866846
30	0.7947922184875176
31	0.802090338416842
32	0.8052574712118693
33	0.7923867992611323
34	0.8119433800248229
35	0.7845417031876581
36	0.7931000543628791
37	0.7952738342736184
38	0.7970463791528115
39	0.7885371365576584
40	0.794523800376607
41	0.7768087853565512
42	0.7756420778815976
43	0.7634408249188666
44	0.783882420920563
45	0.782356686393837
46	0.7877743305001639
47	0.7689625664364974
48	0.7807365698367845
49	0.7293911994179105
50	0.7715524426653048
51	0.7966475772476379
52	0.7920690080958515
53	0.7418403463748706
54	0.7019450446852121
55	0.7287461719770937
56	0.6876530623632225
57	0.693445065749267
58	0.7272329328140222
59	0.7016968581682397
60	0.33065245277274347
61	0.6309317379576928
62	0.7401306834921579
63	0.7459492119556166
64	0.6267897691861789
65	0.7650755607140286
66	0.7674592822647928
67	0.6453946073996002
69	0.6221560513957552
90	0.4596840710165367
116	0.5004497281762669
118	0.42802095619325375

[EPOCH LOSSES]
0
1
2
3
4
5
6
7
8
9

[SETTINGS]
ROOT_PATH	C:\Program Files\Python311\Lib\site-packages\thehow\dependency_probe
MODEL_NAME	bert_large_uncased
MODEL_PATH	D:\transformers\bert\bert_large_uncased
MODEL_NLAYER	24
NDIM_TOKEN_EMBEDDING	1024
MODEL_CUDA	False
ONSITE_EMBEDDINGS	False
HIDDEN_LAYER	12
ONSITE_PROBES	True
LEARNING_RATE	0.001
PROBE_RANK	64
PROBE_CUDA	False
BATCH_SIZE	100
PROBE_SAVEPATH	C:\Program Files\Python311\Lib\site-packages\thehow\dependency_probe\probes
EPOCHS	10
PROBE_LOSS_POW	2
CONLL_ALIAS	wsj
CONLL_PATH	C:\Program Files\Python311\Lib\site-packages\thehow\dependency_probe\datasets\conll\wsj
TRAIN_CONLL_PATH	C:\Program Files\Python311\Lib\site-packages\thehow\dependency_probe\datasets\conll\wsj\en_wsj-ud-train.conllu
DEV_CONLL_PATH	C:\Program Files\Python311\Lib\site-packages\thehow\dependency_probe\datasets\conll\wsj\en_wsj-ud-dev.conllu
TEST_CONLL_PATH	C:\Program Files\Python311\Lib\site-packages\thehow\dependency_probe\datasets\conll\wsj\en_wsj-ud-test.conllu
DEPD_DIRECTED	False
DATASET_PKL_PATH	C:\Program Files\Python311\Lib\site-packages\thehow\dependency_probe\datasets\pkl
REPORTS_PATH	C:\Program Files\Python311\Lib\site-packages\thehow\dependency_probe\reports
METHOD	pairwisedepd
