[Mean spearmanr for sents of len 5-50]
0.7831998299670005

[UUAS]
0.5591045232941999

[SPEARMANR]
sent_len	mean_spearmanr
2	0.9999999999999998
3	0.826241557847766
4	0.7002660626078665
5	0.6811679701527941
6	0.7367734931439546
7	0.7473482309979661
8	0.7369508983533397
9	0.7798202595877136
10	0.7604923511482868
11	0.7768175079512999
12	0.7801443240740833
13	0.7872882379491459
14	0.7683913457843011
15	0.7850196312746613
16	0.7872867322507121
17	0.7880981953401747
18	0.7891782349731928
19	0.7959141278901656
20	0.7884316080053414
21	0.7936391164077682
22	0.7916853603250961
23	0.791965603563273
24	0.7936776930630131
25	0.7972373620695531
26	0.7944833720634307
27	0.7979501780316227
28	0.8033580446529391
29	0.7974620393667563
30	0.7888905882632039
31	0.8044473303674246
32	0.8047004473346682
33	0.8070252938643456
34	0.8136451129943227
35	0.7850303477609436
36	0.788744753845868
37	0.7966699222281448
38	0.7919358807654382
39	0.7936007287519922
40	0.8023378185736737
41	0.7929799832020658
42	0.7823905493258734
43	0.7837530650051021
44	0.7978099628392759
45	0.7973560106374122
46	0.792247395686648
47	0.7763123153697851
48	0.7722089957921391
49	0.7454690295037069
50	0.7590547279494
51	0.8193969745316181
52	0.7660318945825334
53	0.8008452139476653
54	0.7227956856571224
55	0.736276412235459
56	0.685491448576976
57	0.7346481279760771
58	0.7396413376254841
59	0.6940043873940832
60	0.4247622064186309
61	0.6642493906894792
62	0.8214198160225218
63	0.8087131874113253
64	0.6417585297363593
65	0.7415266731445815
66	0.7448465434064899
67	0.664798229384747
69	0.7184883906705782
90	0.5554497688799843
116	0.5151332597969072
118	0.4631306591831596

[EPOCH LOSSES]
0
1
2
3
4
5
6
7
8
9
10
11
12
13
14
15
16
17
18
19

[SETTINGS]
ROOT_PATH	C:\Program Files\Python311\Lib\site-packages\thehow\dependency_probe
MODEL_NAME	bert_large_uncased
MODEL_PATH	D:\transformers\bert\bert_large_uncased
MODEL_NLAYER	24
NDIM_TOKEN_EMBEDDING	1024
MODEL_CUDA	False
ONSITE_EMBEDDINGS	False
HIDDEN_LAYER	19
ONSITE_PROBES	True
LEARNING_RATE	0.001
PROBE_RANK	64
PROBE_CUDA	False
BATCH_SIZE	200
PROBE_SAVEPATH	C:\Program Files\Python311\Lib\site-packages\thehow\dependency_probe\probes
EPOCHS	20
PROBE_LOSS_POW	2
CONLL_ALIAS	wsj
CONLL_PATH	C:\Program Files\Python311\Lib\site-packages\thehow\dependency_probe\datasets\conll\wsj
TRAIN_CONLL_PATH	C:\Program Files\Python311\Lib\site-packages\thehow\dependency_probe\datasets\conll\wsj\en_wsj-ud-train.conllu
DEV_CONLL_PATH	C:\Program Files\Python311\Lib\site-packages\thehow\dependency_probe\datasets\conll\wsj\en_wsj-ud-dev.conllu
TEST_CONLL_PATH	C:\Program Files\Python311\Lib\site-packages\thehow\dependency_probe\datasets\conll\wsj\en_wsj-ud-test.conllu
DEPD_DIRECTED	False
DATASET_PKL_PATH	C:\Program Files\Python311\Lib\site-packages\thehow\dependency_probe\datasets\pkl
REPORTS_PATH	C:\Program Files\Python311\Lib\site-packages\thehow\dependency_probe\reports
METHOD	pairwisedepd
