[Mean spearmanr for sents of len 5-50]
0.6956137069297718

[UUAS]
0.5015522179226515

[SPEARMANR]
sent_len	mean_spearmanr
2	0.9999999999999998
3	0.844259575865784
4	0.7289184100014253
5	0.6398195872938615
6	0.7091573015271943
7	0.6808722496457681
8	0.6827183391525147
9	0.7125158100994944
10	0.6962811637175342
11	0.7046688220256444
12	0.7023762522837632
13	0.7186857388721843
14	0.6992378623181666
15	0.7106914433544241
16	0.705884761729654
17	0.6976972222683144
18	0.7031710473560436
19	0.708290626187806
20	0.7008756312499582
21	0.706029285070091
22	0.6963137884076817
23	0.7021430301287189
24	0.7020623663760257
25	0.7027110191521092
26	0.7047379141725882
27	0.7004297006715952
28	0.7038380070719095
29	0.7041106791735238
30	0.6841510638980802
31	0.710942745714647
32	0.7107598908634327
33	0.7124964273659762
34	0.7165442042535206
35	0.6847295604524315
36	0.6955068424237522
37	0.6866354778596023
38	0.6766220081228616
39	0.7009671735046489
40	0.7051345038326567
41	0.6808750319414719
42	0.6944165468929989
43	0.6793542301907535
44	0.6943277247092342
45	0.703163456477513
46	0.6913957192187504
47	0.678722436395711
48	0.6758977534316759
49	0.6604280585205603
50	0.6598400133926542
51	0.7119410247509758
52	0.6816492868574786
53	0.6954056238055445
54	0.6290918081942042
55	0.6578945018643058
56	0.6121108338335431
57	0.65921310577456
58	0.6391707550009653
59	0.589695812894709
60	0.37201897342978835
61	0.6109618411216089
62	0.7109033306081196
63	0.631185506197615
64	0.5654612201770723
65	0.6947935325352729
66	0.6695926235414063
67	0.5902330638053801
69	0.6385985337214224
90	0.49437030565429746
116	0.45075533330491624
118	0.39836319339518705

[EPOCH LOSSES]
0
1
2
3
4
5
6
7
8
9
10
11
12
13
14
15
16
17
18
19

[SETTINGS]
ROOT_PATH	C:\Program Files\Python311\Lib\site-packages\thehow\dependency_probe
MODEL_NAME	bert_large_uncased
MODEL_PATH	D:\transformers\bert\bert_large_uncased
MODEL_NLAYER	24
NDIM_TOKEN_EMBEDDING	1024
MODEL_CUDA	False
ONSITE_EMBEDDINGS	False
HIDDEN_LAYER	21
ONSITE_PROBES	True
LEARNING_RATE	0.001
PROBE_RANK	64
PROBE_CUDA	False
BATCH_SIZE	200
PROBE_SAVEPATH	C:\Program Files\Python311\Lib\site-packages\thehow\dependency_probe\probes
EPOCHS	20
PROBE_LOSS_POW	2
CONLL_ALIAS	wsj
CONLL_PATH	C:\Program Files\Python311\Lib\site-packages\thehow\dependency_probe\datasets\conll\wsj
TRAIN_CONLL_PATH	C:\Program Files\Python311\Lib\site-packages\thehow\dependency_probe\datasets\conll\wsj\en_wsj-ud-train.conllu
DEV_CONLL_PATH	C:\Program Files\Python311\Lib\site-packages\thehow\dependency_probe\datasets\conll\wsj\en_wsj-ud-dev.conllu
TEST_CONLL_PATH	C:\Program Files\Python311\Lib\site-packages\thehow\dependency_probe\datasets\conll\wsj\en_wsj-ud-test.conllu
DEPD_DIRECTED	False
DATASET_PKL_PATH	C:\Program Files\Python311\Lib\site-packages\thehow\dependency_probe\datasets\pkl
REPORTS_PATH	C:\Program Files\Python311\Lib\site-packages\thehow\dependency_probe\reports
METHOD	pairwisedepd
