[Mean spearmanr for sents of len 5-50]
0.7202218946778077

[UUAS]
0.47809405128877813

[SPEARMANR]
sent_len	mean_spearmanr
2	0.9999999999999998
3	0.8127280443342525
4	0.7084871270726535
5	0.5900123674680202
6	0.733889479001923
7	0.6881670063371783
8	0.6925413930375117
9	0.7053241664346176
10	0.7248558162601376
11	0.7263527543163574
12	0.7428439202461126
13	0.7547689074044095
14	0.727092523573951
15	0.7339563530220087
16	0.7475992506342335
17	0.7418606920347732
18	0.7406611916064968
19	0.7405460922163237
20	0.7400758066221048
21	0.7427166555957918
22	0.7426921514926277
23	0.7335616240144867
24	0.7355112283771381
25	0.7295122758187431
26	0.7236549723983637
27	0.7340301223724373
28	0.7405721799801908
29	0.7271275004792987
30	0.721299285503729
31	0.7358589051533725
32	0.7385460733020858
33	0.7225365053483782
34	0.7400959890446228
35	0.7085082974248629
36	0.7240427905762264
37	0.7260719988733518
38	0.7184580593078337
39	0.7119422310281487
40	0.7223138628469626
41	0.7002508018744502
42	0.7068234021779621
43	0.692624286576125
44	0.7190244479286854
45	0.7148056279329544
46	0.716169792738786
47	0.7013868267210314
48	0.7020552266737514
49	0.6751430923652035
50	0.692323221035399
51	0.7387513679599086
52	0.7212429052689355
53	0.6984276398470979
54	0.6453474663210618
55	0.6880232853457349
56	0.6394505075154322
57	0.6188379392011165
58	0.665453664831068
59	0.6676753630131734
60	0.3349379120015474
61	0.6104751923506255
62	0.6970876771626787
63	0.6720350513660365
64	0.5724675405501072
65	0.7624386411648221
66	0.6880878608747284
67	0.5720677413510887
69	0.5588770774206274
90	0.42701967681010394
116	0.4000294894133873
118	0.4470827549449781

[EPOCH LOSSES]
0
1
2
3
4
5
6
7
8
9
10
11
12
13
14
15
16
17
18
19

[SETTINGS]
ROOT_PATH	C:\Program Files\Python311\Lib\site-packages\thehow\dependency_probe
MODEL_NAME	bert_large_uncased
MODEL_PATH	D:\transformers\bert\bert_large_uncased
MODEL_NLAYER	24
NDIM_TOKEN_EMBEDDING	1024
MODEL_CUDA	False
ONSITE_EMBEDDINGS	False
HIDDEN_LAYER	7
ONSITE_PROBES	True
LEARNING_RATE	0.001
PROBE_RANK	64
PROBE_CUDA	False
BATCH_SIZE	200
PROBE_SAVEPATH	C:\Program Files\Python311\Lib\site-packages\thehow\dependency_probe\probes
EPOCHS	20
PROBE_LOSS_POW	2
CONLL_ALIAS	wsj
CONLL_PATH	C:\Program Files\Python311\Lib\site-packages\thehow\dependency_probe\datasets\conll\wsj
TRAIN_CONLL_PATH	C:\Program Files\Python311\Lib\site-packages\thehow\dependency_probe\datasets\conll\wsj\en_wsj-ud-train.conllu
DEV_CONLL_PATH	C:\Program Files\Python311\Lib\site-packages\thehow\dependency_probe\datasets\conll\wsj\en_wsj-ud-dev.conllu
TEST_CONLL_PATH	C:\Program Files\Python311\Lib\site-packages\thehow\dependency_probe\datasets\conll\wsj\en_wsj-ud-test.conllu
DEPD_DIRECTED	False
DATASET_PKL_PATH	C:\Program Files\Python311\Lib\site-packages\thehow\dependency_probe\datasets\pkl
REPORTS_PATH	C:\Program Files\Python311\Lib\site-packages\thehow\dependency_probe\reports
METHOD	pairwisedepd
