[Mean spearmanr for sents of len 5-50]
0.7459082502640971

[UUAS]
0.49504820620449924

[SPEARMANR]
sent_len	mean_spearmanr
2	0.9999999999999998
3	0.7721875037937119
4	0.7594530655260365
5	0.6284973831201861
6	0.7098844032852044
7	0.7209766706397682
8	0.699575647456381
9	0.7395230734580801
10	0.735612757245179
11	0.7556730323900952
12	0.770254598441664
13	0.7792700936839793
14	0.747388870381226
15	0.7644639644357016
16	0.7682285972153687
17	0.763530788234009
18	0.7612113765321453
19	0.7634160547967362
20	0.7580830505014368
21	0.765075488085854
22	0.7653547395677243
23	0.7594187567007405
24	0.761740997150276
25	0.7574335270233389
26	0.7474878320566923
27	0.7630552438622982
28	0.766453273418418
29	0.7579601990942783
30	0.7487341432753196
31	0.7614721403008946
32	0.7654841056381958
33	0.7489550885711523
34	0.7740645972833967
35	0.7368576361179724
36	0.7552411334842374
37	0.7519839764313645
38	0.7515443528907771
39	0.7442085835008965
40	0.7504231029846933
41	0.725623603820148
42	0.7356698798397813
43	0.7277260057950502
44	0.7438210557434369
45	0.745711223195897
46	0.7451151337329861
47	0.7267890121951388
48	0.7413918694357738
49	0.6941693694933405
50	0.7272230796412344
51	0.7499097704496444
52	0.7468619069535194
53	0.7160321390142652
54	0.6805102839906949
55	0.7056123189350353
56	0.6517228946802377
57	0.6496111818285977
58	0.7073769126857306
59	0.6905006313835037
60	0.3057439316897891
61	0.6075678698015745
62	0.7046010664685722
63	0.6948692500403636
64	0.5994354466352558
65	0.7596187616813327
66	0.7293331476802714
67	0.6154134334628512
69	0.576650652005761
90	0.43927076970232093
116	0.4419306217764378
118	0.44161443610557516

[EPOCH LOSSES]
0
1
2
3
4
5
6
7
8
9
10
11
12
13
14
15
16
17
18
19

[SETTINGS]
ROOT_PATH	C:\Program Files\Python311\Lib\site-packages\thehow\dependency_probe
MODEL_NAME	bert_large_uncased
MODEL_PATH	D:\transformers\bert\bert_large_uncased
MODEL_NLAYER	24
NDIM_TOKEN_EMBEDDING	1024
MODEL_CUDA	False
ONSITE_EMBEDDINGS	False
HIDDEN_LAYER	9
ONSITE_PROBES	True
LEARNING_RATE	0.001
PROBE_RANK	64
PROBE_CUDA	False
BATCH_SIZE	200
PROBE_SAVEPATH	C:\Program Files\Python311\Lib\site-packages\thehow\dependency_probe\probes
EPOCHS	20
PROBE_LOSS_POW	2
CONLL_ALIAS	wsj
CONLL_PATH	C:\Program Files\Python311\Lib\site-packages\thehow\dependency_probe\datasets\conll\wsj
TRAIN_CONLL_PATH	C:\Program Files\Python311\Lib\site-packages\thehow\dependency_probe\datasets\conll\wsj\en_wsj-ud-train.conllu
DEV_CONLL_PATH	C:\Program Files\Python311\Lib\site-packages\thehow\dependency_probe\datasets\conll\wsj\en_wsj-ud-dev.conllu
TEST_CONLL_PATH	C:\Program Files\Python311\Lib\site-packages\thehow\dependency_probe\datasets\conll\wsj\en_wsj-ud-test.conllu
DEPD_DIRECTED	False
DATASET_PKL_PATH	C:\Program Files\Python311\Lib\site-packages\thehow\dependency_probe\datasets\pkl
REPORTS_PATH	C:\Program Files\Python311\Lib\site-packages\thehow\dependency_probe\reports
METHOD	pairwisedepd
