[Mean spearmanr for sents of len 5-50]
0.6665868300291463

[UUAS]
0.4781596379615662

[SPEARMANR]
sent_len	mean_spearmanr
2	0.9999999999999998
3	0.8622775938838021
4	0.7046415919884181
5	0.6427039260876948
6	0.7001673261656205
7	0.6703742630218621
8	0.6639522105111398
9	0.6947586683525038
10	0.683754640093224
11	0.6851160538786603
12	0.6814114800782076
13	0.6959901437187803
14	0.6741399359160328
15	0.6812075351519853
16	0.6700679334459541
17	0.6727336621078309
18	0.6775128485242424
19	0.677524938642694
20	0.6678220797373731
21	0.6755639142021886
22	0.6634463215331
23	0.6701064289007836
24	0.6669215420608741
25	0.6707610546396915
26	0.6763334717498499
27	0.6697416858120155
28	0.66965579219347
29	0.6670047224026404
30	0.6495117879912492
31	0.675419315550123
32	0.6788186612400959
33	0.6796979390358749
34	0.6794571435114013
35	0.6493687461149519
36	0.6613671316948312
37	0.6517168087165457
38	0.6409599035357422
39	0.6641318336937172
40	0.6717420494043449
41	0.6430829499113156
42	0.6654496115965434
43	0.6471438409233993
44	0.6617419454681152
45	0.6701752278589226
46	0.6586433369645627
47	0.65003781062126
48	0.6422392661430582
49	0.630156843428154
50	0.6233594490081055
51	0.6806035143687664
52	0.6513027150754573
53	0.6597363586228816
54	0.5955370923465253
55	0.6110056031099996
56	0.5937387051512032
57	0.6425024660543784
58	0.6103350665073655
59	0.5661793979958974
60	0.3542076387004183
61	0.5826586071375877
62	0.668940505223591
63	0.5719514181587033
64	0.5376780726459953
65	0.6633219735622784
66	0.637475936770165
67	0.5607985271691038
69	0.6045569703595375
90	0.487281391142492
116	0.4206957408905949
118	0.3734976914294852

[EPOCH LOSSES]
0
1
2
3
4
5
6
7
8
9
10
11
12
13
14
15
16
17
18
19

[SETTINGS]
ROOT_PATH	C:\Program Files\Python311\Lib\site-packages\thehow\dependency_probe
MODEL_NAME	bert_large_uncased
MODEL_PATH	D:\transformers\bert\bert_large_uncased
MODEL_NLAYER	24
NDIM_TOKEN_EMBEDDING	1024
MODEL_CUDA	False
ONSITE_EMBEDDINGS	False
HIDDEN_LAYER	22
ONSITE_PROBES	True
LEARNING_RATE	0.001
PROBE_RANK	64
PROBE_CUDA	False
BATCH_SIZE	200
PROBE_SAVEPATH	C:\Program Files\Python311\Lib\site-packages\thehow\dependency_probe\probes
EPOCHS	20
PROBE_LOSS_POW	2
CONLL_ALIAS	wsj
CONLL_PATH	C:\Program Files\Python311\Lib\site-packages\thehow\dependency_probe\datasets\conll\wsj
TRAIN_CONLL_PATH	C:\Program Files\Python311\Lib\site-packages\thehow\dependency_probe\datasets\conll\wsj\en_wsj-ud-train.conllu
DEV_CONLL_PATH	C:\Program Files\Python311\Lib\site-packages\thehow\dependency_probe\datasets\conll\wsj\en_wsj-ud-dev.conllu
TEST_CONLL_PATH	C:\Program Files\Python311\Lib\site-packages\thehow\dependency_probe\datasets\conll\wsj\en_wsj-ud-test.conllu
DEPD_DIRECTED	False
DATASET_PKL_PATH	C:\Program Files\Python311\Lib\site-packages\thehow\dependency_probe\datasets\pkl
REPORTS_PATH	C:\Program Files\Python311\Lib\site-packages\thehow\dependency_probe\reports
METHOD	pairwisedepd
