[Mean spearmanr for sents of len 5-50]
0.8144132644487555

[UUAS]
0.584246081196301

[SPEARMANR]
sent_len	mean_spearmanr
2	0.9999999999999998
3	0.835250566856775
4	0.7496551494894204
5	0.7273234309058985
6	0.7911864093732811
7	0.7969106712881621
8	0.787720106408906
9	0.8148332723921325
10	0.8124540500178319
11	0.8263634349001778
12	0.8371084545345114
13	0.8525016147542761
14	0.8153238924249621
15	0.8329441482310758
16	0.8329931171816115
17	0.8373394125672442
18	0.8333224304717674
19	0.8314101093091836
20	0.8244445609263218
21	0.8277472601597757
22	0.8284952396993451
23	0.8285959930713589
24	0.83086513224288
25	0.8298471741325518
26	0.8208047106418263
27	0.8256944970359613
28	0.8325689899756943
29	0.8254660385026878
30	0.8159530682986604
31	0.8247556127129555
32	0.8249348598761033
33	0.8158873193247722
34	0.8365583503702801
35	0.8093038709282189
36	0.815443462018674
37	0.8146118401894313
38	0.8189189308773607
39	0.8114925112979694
40	0.8185191395194384
41	0.8022888967872525
42	0.7987090265090359
43	0.7863768831835227
44	0.8044862300636546
45	0.8118574849067348
46	0.8063530710869782
47	0.7973018467364408
48	0.801302908675239
49	0.752264437450476
50	0.7914262626801258
51	0.826061669322244
52	0.8131619937543589
53	0.7719608357673224
54	0.7281648986823904
55	0.7449100882733128
56	0.7087013889836705
57	0.7331215968817159
58	0.7660929690265873
59	0.7256942282839063
60	0.3713897504359457
61	0.6525165568746347
62	0.7676035174198931
63	0.7848664398019446
64	0.6538544346287212
65	0.8000374922956199
66	0.8042534174224423
67	0.684641584058169
69	0.6697440262160337
90	0.49143465785081736
116	0.5176706906358156
118	0.4519270940583487

[EPOCH LOSSES]
0
1
2
3
4
5
6
7
8
9
10
11
12
13
14
15
16
17
18
19

[SETTINGS]
ROOT_PATH	C:\Program Files\Python311\Lib\site-packages\thehow\dependency_probe
MODEL_NAME	bert_large_uncased
MODEL_PATH	D:\transformers\bert\bert_large_uncased
MODEL_NLAYER	24
NDIM_TOKEN_EMBEDDING	1024
MODEL_CUDA	False
ONSITE_EMBEDDINGS	False
HIDDEN_LAYER	13
ONSITE_PROBES	True
LEARNING_RATE	0.001
PROBE_RANK	64
PROBE_CUDA	False
BATCH_SIZE	200
PROBE_SAVEPATH	C:\Program Files\Python311\Lib\site-packages\thehow\dependency_probe\probes
EPOCHS	20
PROBE_LOSS_POW	2
CONLL_ALIAS	wsj
CONLL_PATH	C:\Program Files\Python311\Lib\site-packages\thehow\dependency_probe\datasets\conll\wsj
TRAIN_CONLL_PATH	C:\Program Files\Python311\Lib\site-packages\thehow\dependency_probe\datasets\conll\wsj\en_wsj-ud-train.conllu
DEV_CONLL_PATH	C:\Program Files\Python311\Lib\site-packages\thehow\dependency_probe\datasets\conll\wsj\en_wsj-ud-dev.conllu
TEST_CONLL_PATH	C:\Program Files\Python311\Lib\site-packages\thehow\dependency_probe\datasets\conll\wsj\en_wsj-ud-test.conllu
DEPD_DIRECTED	False
DATASET_PKL_PATH	C:\Program Files\Python311\Lib\site-packages\thehow\dependency_probe\datasets\pkl
REPORTS_PATH	C:\Program Files\Python311\Lib\site-packages\thehow\dependency_probe\reports
METHOD	pairwisedepd
