[Mean spearmanr for sents of len 5-50]
0.7324164679065067

[UUAS]
0.4933866771605343

[SPEARMANR]
sent_len	mean_spearmanr
2	0.9999999999999998
3	0.8487640803702885
4	0.7755401691206734
5	0.7042119265985931
6	0.7560400508237176
7	0.7273767326421363
8	0.7156103707087318
9	0.720123651145998
10	0.7306727971158208
11	0.7437211370843105
12	0.7565954267434469
13	0.7526329026188987
14	0.7274146103209236
15	0.7435661847877887
16	0.7534850613088252
17	0.7460353936579653
18	0.740265773173961
19	0.7407214517410013
20	0.7438982099212632
21	0.7434289386086886
22	0.7462054766790631
23	0.7421757488453915
24	0.7468584896377466
25	0.730203524560739
26	0.7276849019368807
27	0.7397723253276148
28	0.7464785483144912
29	0.738904650078255
30	0.729965101616556
31	0.7449508981555097
32	0.7378924667622067
33	0.7255750697891734
34	0.7527865097202913
35	0.7156399386010753
36	0.7404721573147659
37	0.7351976656168671
38	0.727231172755961
39	0.7186921442305008
40	0.7301194177957451
41	0.708084334004925
42	0.718254117567116
43	0.7019993735729336
44	0.7377162954026628
45	0.7330727508507292
46	0.7309956723671094
47	0.7079758248901232
48	0.7288899509361552
49	0.6837852214376638
50	0.7177771559289879
51	0.7395166490663435
52	0.7362215637415562
53	0.7021965232789475
54	0.6539523308815669
55	0.7019803030618251
56	0.6440660708738496
57	0.6358176807033707
58	0.6810232336518764
59	0.68430861098456
60	0.3319948067906596
61	0.605527281643435
62	0.6952784285462635
63	0.6603528659445979
64	0.584291036069684
65	0.7265003649186768
66	0.7087061552314906
67	0.5835501871190272
69	0.5262731613275347
90	0.36939590895906127
116	0.2964719120371092
118	0.3656409334492459

[EPOCH LOSSES]
0
1
2
3
4
5
6
7
8
9
10
11
12
13
14
15
16
17
18
19

[SETTINGS]
ROOT_PATH	C:\Program Files\Python311\Lib\site-packages\thehow\dependency_probe
MODEL_NAME	bert_large_uncased
MODEL_PATH	D:\transformers\bert\bert_large_uncased
MODEL_NLAYER	24
NDIM_TOKEN_EMBEDDING	1024
MODEL_CUDA	False
ONSITE_EMBEDDINGS	False
HIDDEN_LAYER	4
ONSITE_PROBES	True
LEARNING_RATE	0.001
PROBE_RANK	64
PROBE_CUDA	False
BATCH_SIZE	200
PROBE_SAVEPATH	C:\Program Files\Python311\Lib\site-packages\thehow\dependency_probe\probes
EPOCHS	20
PROBE_LOSS_POW	2
CONLL_ALIAS	wsj
CONLL_PATH	C:\Program Files\Python311\Lib\site-packages\thehow\dependency_probe\datasets\conll\wsj
TRAIN_CONLL_PATH	C:\Program Files\Python311\Lib\site-packages\thehow\dependency_probe\datasets\conll\wsj\en_wsj-ud-train.conllu
DEV_CONLL_PATH	C:\Program Files\Python311\Lib\site-packages\thehow\dependency_probe\datasets\conll\wsj\en_wsj-ud-dev.conllu
TEST_CONLL_PATH	C:\Program Files\Python311\Lib\site-packages\thehow\dependency_probe\datasets\conll\wsj\en_wsj-ud-test.conllu
DEPD_DIRECTED	False
DATASET_PKL_PATH	C:\Program Files\Python311\Lib\site-packages\thehow\dependency_probe\datasets\pkl
REPORTS_PATH	C:\Program Files\Python311\Lib\site-packages\thehow\dependency_probe\reports
METHOD	pairwisedepd
