[Mean spearmanr for sents of len 5-50]
0.7304610248740999

[UUAS]
0.49523403511073216

[SPEARMANR]
sent_len	mean_spearmanr
2	0.9999999999999998
3	0.8487640803702885
4	0.7534197657515256
5	0.6580818192881978
6	0.7500472563503783
7	0.7237701488981793
8	0.7247098106935023
9	0.721252815393621
10	0.7357242378891936
11	0.7425787398888496
12	0.7520072178664657
13	0.7556547767420038
14	0.7278718779628797
15	0.7409215905032378
16	0.7534262414433028
17	0.7478463707057715
18	0.7421114137751297
19	0.7437089691639157
20	0.7429954296083828
21	0.7445872387109242
22	0.7473449178888527
23	0.74049662445894
24	0.7436079416734127
25	0.7342239885203271
26	0.7285725804628557
27	0.7412848420130415
28	0.7448097307808691
29	0.7362565151953737
30	0.7287005616310397
31	0.7425404211103027
32	0.74208301037915
33	0.7279993792870741
34	0.7517620488249203
35	0.7149583522760846
36	0.7370051807699043
37	0.7343901695699797
38	0.7255201347881562
39	0.7148788647289273
40	0.7297856441614127
41	0.7060549381807661
42	0.7138426867483946
43	0.7033170161831026
44	0.7312359996213584
45	0.7274230918382585
46	0.726639184268248
47	0.7082255928860632
48	0.7168819587333114
49	0.6824673586191955
50	0.7116024537253404
51	0.7423245858973849
52	0.7385532749027266
53	0.7018420797711936
54	0.65266866891457
55	0.7044701086329778
56	0.6396624810627336
57	0.6250679815207546
58	0.6767654511512453
59	0.6830983649929441
60	0.3240578931994665
61	0.5979259705748441
62	0.6975469446982187
63	0.6599301359555954
64	0.5695960959685922
65	0.7374399113990204
66	0.701739585857504
67	0.5868243581603306
69	0.529716257876106
90	0.3516494882547104
116	0.3093561561156869
118	0.39343526818926494

[EPOCH LOSSES]
0
1
2
3
4
5
6
7
8
9
10
11
12
13
14
15
16
17
18
19

[SETTINGS]
ROOT_PATH	C:\Program Files\Python311\Lib\site-packages\thehow\dependency_probe
MODEL_NAME	bert_large_uncased
MODEL_PATH	D:\transformers\bert\bert_large_uncased
MODEL_NLAYER	24
NDIM_TOKEN_EMBEDDING	1024
MODEL_CUDA	False
ONSITE_EMBEDDINGS	False
HIDDEN_LAYER	5
ONSITE_PROBES	True
LEARNING_RATE	0.001
PROBE_RANK	64
PROBE_CUDA	False
BATCH_SIZE	200
PROBE_SAVEPATH	C:\Program Files\Python311\Lib\site-packages\thehow\dependency_probe\probes
EPOCHS	20
PROBE_LOSS_POW	2
CONLL_ALIAS	wsj
CONLL_PATH	C:\Program Files\Python311\Lib\site-packages\thehow\dependency_probe\datasets\conll\wsj
TRAIN_CONLL_PATH	C:\Program Files\Python311\Lib\site-packages\thehow\dependency_probe\datasets\conll\wsj\en_wsj-ud-train.conllu
DEV_CONLL_PATH	C:\Program Files\Python311\Lib\site-packages\thehow\dependency_probe\datasets\conll\wsj\en_wsj-ud-dev.conllu
TEST_CONLL_PATH	C:\Program Files\Python311\Lib\site-packages\thehow\dependency_probe\datasets\conll\wsj\en_wsj-ud-test.conllu
DEPD_DIRECTED	False
DATASET_PKL_PATH	C:\Program Files\Python311\Lib\site-packages\thehow\dependency_probe\datasets\pkl
REPORTS_PATH	C:\Program Files\Python311\Lib\site-packages\thehow\dependency_probe\reports
METHOD	pairwisedepd
