[Mean spearmanr for sents of len 5-50]
0.7946340568624768

[UUAS]
0.5623401324850791

[SPEARMANR]
sent_len	mean_spearmanr
2	0.9999999999999998
3	0.8397550713612796
4	0.7401313399656108
5	0.6672502658292139
6	0.7907640388671288
7	0.7724746927587587
8	0.7717719391421837
9	0.8053908959038591
10	0.7922561852661003
11	0.8103045446405416
12	0.8228212921134241
13	0.8307913309640392
14	0.7973625959405686
15	0.8110676313911958
16	0.8184354130803324
17	0.8183932246643075
18	0.8135457168441249
19	0.8143410991273262
20	0.8081317730644759
21	0.8107762030817577
22	0.8100761443452993
23	0.8079726720300375
24	0.8135215234821751
25	0.8054283317455417
26	0.7995176922272998
27	0.8090227405193025
28	0.8117740104097955
29	0.8041362934216879
30	0.7957438958210756
31	0.8030800697123032
32	0.8064850450780923
33	0.7939710185274009
34	0.8139660155431621
35	0.7849413943966536
36	0.7963463806974128
37	0.7971982598928499
38	0.7995598470942175
39	0.7911493541296749
40	0.7986237341956693
41	0.7806420380780361
42	0.779563219035991
43	0.7667108937279
44	0.7875739207725221
45	0.7872418612703741
46	0.7890148583107657
47	0.7721126047686283
48	0.7834975850742766
49	0.7356982832279734
50	0.772718085458461
51	0.7979996845799656
52	0.7944522535578412
53	0.7462513158284254
54	0.7056260029976872
55	0.7325836546191963
56	0.685926960109705
57	0.691005325702786
58	0.7345758694296067
59	0.701968878739436
60	0.32783235662188226
61	0.629923350656127
62	0.7402290062515833
63	0.749120255901983
64	0.6256350414448899
65	0.7671993143375089
66	0.7634749273043876
67	0.6484404912204991
69	0.6301223415826072
90	0.4600124809293044
116	0.5035707745280418
118	0.43111167743590467

[EPOCH LOSSES]
0
1
2
3
4
5
6
7
8
9
10
11
12
13
14
15
16
17
18
19

[SETTINGS]
ROOT_PATH	C:\Program Files\Python311\Lib\site-packages\thehow\dependency_probe
MODEL_NAME	bert_large_uncased
MODEL_PATH	D:\transformers\bert\bert_large_uncased
MODEL_NLAYER	24
NDIM_TOKEN_EMBEDDING	1024
MODEL_CUDA	False
ONSITE_EMBEDDINGS	False
HIDDEN_LAYER	12
ONSITE_PROBES	True
LEARNING_RATE	0.001
PROBE_RANK	64
PROBE_CUDA	False
BATCH_SIZE	200
PROBE_SAVEPATH	C:\Program Files\Python311\Lib\site-packages\thehow\dependency_probe\probes
EPOCHS	20
PROBE_LOSS_POW	2
CONLL_ALIAS	wsj
CONLL_PATH	C:\Program Files\Python311\Lib\site-packages\thehow\dependency_probe\datasets\conll\wsj
TRAIN_CONLL_PATH	C:\Program Files\Python311\Lib\site-packages\thehow\dependency_probe\datasets\conll\wsj\en_wsj-ud-train.conllu
DEV_CONLL_PATH	C:\Program Files\Python311\Lib\site-packages\thehow\dependency_probe\datasets\conll\wsj\en_wsj-ud-dev.conllu
TEST_CONLL_PATH	C:\Program Files\Python311\Lib\site-packages\thehow\dependency_probe\datasets\conll\wsj\en_wsj-ud-test.conllu
DEPD_DIRECTED	False
DATASET_PKL_PATH	C:\Program Files\Python311\Lib\site-packages\thehow\dependency_probe\datasets\pkl
REPORTS_PATH	C:\Program Files\Python311\Lib\site-packages\thehow\dependency_probe\reports
METHOD	pairwisedepd
