[Mean spearmanr for sents of len 5-50]
0.7051231326418608

[UUAS]
0.4873527032640301

[SPEARMANR]
sent_len	mean_spearmanr
2	0.9999999999999998
3	0.8757911073973156
4	0.7162408973339568
5	0.6685272540789995
6	0.7176776786483687
7	0.6944808950701806
8	0.6797606126747897
9	0.6973058829810388
10	0.7085194580370884
11	0.6966442153979648
12	0.7181599607227422
13	0.7256014084717894
14	0.6966318149696774
15	0.7132019098901068
16	0.7239639736753557
17	0.7150331523616457
18	0.7149676830346433
19	0.7113304908940707
20	0.7149517740945345
21	0.7120655703504172
22	0.716505018977784
23	0.7156151722437213
24	0.7143483465827994
25	0.7000141120506462
26	0.6981504335771924
27	0.7076127649827646
28	0.718578164264526
29	0.710921162242628
30	0.7002152198111655
31	0.7158511502423694
32	0.7125680372942265
33	0.7001669986079558
34	0.7233689373196875
35	0.6889188335437048
36	0.72054341729112
37	0.7107943966040029
38	0.7046492346212895
39	0.6930905892438419
40	0.7111445464139318
41	0.6845282270226802
42	0.6981608474270649
43	0.6833209453428972
44	0.7176658116057113
45	0.7132173709093909
46	0.706837355361141
47	0.6916621567516393
48	0.703427026328849
49	0.6659916555382852
50	0.6989724339691675
51	0.7218518704070038
52	0.7182743342867328
53	0.6772532392692958
54	0.6515232158625629
55	0.6992611703527398
56	0.6347477872834558
57	0.6431955150412165
58	0.689545763842753
59	0.6759022028002724
60	0.33582011656330624
61	0.5843486775443556
62	0.6603473647728871
63	0.6141347955827772
64	0.5920178461923692
65	0.6866891720087355
66	0.7085236996940518
67	0.6158886178813407
69	0.5233636278513863
90	0.3565566503531423
116	0.32454367843656307
118	0.33066476990000343

[EPOCH LOSSES]
0
1
2
3
4
5
6
7
8
9
10
11
12
13
14
15
16
17
18
19

[SETTINGS]
ROOT_PATH	C:\Program Files\Python311\Lib\site-packages\thehow\dependency_probe
MODEL_NAME	bert_large_uncased
MODEL_PATH	D:\transformers\bert\bert_large_uncased
MODEL_NLAYER	24
NDIM_TOKEN_EMBEDDING	1024
MODEL_CUDA	False
ONSITE_EMBEDDINGS	False
HIDDEN_LAYER	1
ONSITE_PROBES	True
LEARNING_RATE	0.001
PROBE_RANK	64
PROBE_CUDA	False
BATCH_SIZE	200
PROBE_SAVEPATH	C:\Program Files\Python311\Lib\site-packages\thehow\dependency_probe\probes
EPOCHS	20
PROBE_LOSS_POW	2
CONLL_ALIAS	wsj
CONLL_PATH	C:\Program Files\Python311\Lib\site-packages\thehow\dependency_probe\datasets\conll\wsj
TRAIN_CONLL_PATH	C:\Program Files\Python311\Lib\site-packages\thehow\dependency_probe\datasets\conll\wsj\en_wsj-ud-train.conllu
DEV_CONLL_PATH	C:\Program Files\Python311\Lib\site-packages\thehow\dependency_probe\datasets\conll\wsj\en_wsj-ud-dev.conllu
TEST_CONLL_PATH	C:\Program Files\Python311\Lib\site-packages\thehow\dependency_probe\datasets\conll\wsj\en_wsj-ud-test.conllu
DEPD_DIRECTED	False
DATASET_PKL_PATH	C:\Program Files\Python311\Lib\site-packages\thehow\dependency_probe\datasets\pkl
REPORTS_PATH	C:\Program Files\Python311\Lib\site-packages\thehow\dependency_probe\reports
METHOD	pairwisedepd
