[Mean spearmanr for sents of len 5-50]
0.7052914234683678

[UUAS]
0.48140617826457666

[SPEARMANR]
sent_len	mean_spearmanr
2	0.9999999999999998
3	0.8577730893792975
4	0.7544170542513251
5	0.6800047097270175
6	0.732893635577982
7	0.6937631956981669
8	0.6903728510249888
9	0.6925489376418036
10	0.7054396522652491
11	0.6995381073396372
12	0.7266659973087386
13	0.7310022491016878
14	0.7039508510000844
15	0.714091249767013
16	0.723179308024356
17	0.7219802306750565
18	0.7175397493245562
19	0.7155676373126715
20	0.7218105282242994
21	0.7152952841570129
22	0.7208865282341492
23	0.7157997603617787
24	0.7191599259768708
25	0.7027489916305307
26	0.7027058101657747
27	0.7102716534706308
28	0.7216328848011829
29	0.7144960852342576
30	0.7024732507432832
31	0.7137276963282424
32	0.7097295532981915
33	0.6982943197063138
34	0.7247664699204952
35	0.6842991633499765
36	0.7131520551974336
37	0.7070967446727754
38	0.6987138779526114
39	0.6882965303563385
40	0.7039339452524999
41	0.678783276416486
42	0.695009625005646
43	0.6754777196251511
44	0.7131397926705362
45	0.7038232733887243
46	0.7032294738732482
47	0.6839492093857422
48	0.6992136948440135
49	0.6597687826761441
50	0.693181210835569
51	0.7193081105225294
52	0.716059576007411
53	0.6659927842733436
54	0.6316495378785653
55	0.6909079193186329
56	0.6248833209450193
57	0.6277955845554977
58	0.673223714837741
59	0.65925867831378
60	0.32051578403156816
61	0.5728034261898975
62	0.6656545803614532
63	0.6272659706383815
64	0.565122410443341
65	0.6725893444492321
66	0.6962800454220741
67	0.5958653103166531
69	0.4934789666102599
90	0.32843315831281605
116	0.28512922156775017
118	0.30084929359859836

[EPOCH LOSSES]
0
1
2
3
4
5
6
7
8
9
10
11
12
13
14
15
16
17
18
19

[SETTINGS]
ROOT_PATH	C:\Program Files\Python311\Lib\site-packages\thehow\dependency_probe
MODEL_NAME	bert_large_uncased
MODEL_PATH	D:\transformers\bert\bert_large_uncased
MODEL_NLAYER	24
NDIM_TOKEN_EMBEDDING	1024
MODEL_CUDA	False
ONSITE_EMBEDDINGS	False
HIDDEN_LAYER	2
ONSITE_PROBES	True
LEARNING_RATE	0.001
PROBE_RANK	64
PROBE_CUDA	False
BATCH_SIZE	200
PROBE_SAVEPATH	C:\Program Files\Python311\Lib\site-packages\thehow\dependency_probe\probes
EPOCHS	20
PROBE_LOSS_POW	2
CONLL_ALIAS	wsj
CONLL_PATH	C:\Program Files\Python311\Lib\site-packages\thehow\dependency_probe\datasets\conll\wsj
TRAIN_CONLL_PATH	C:\Program Files\Python311\Lib\site-packages\thehow\dependency_probe\datasets\conll\wsj\en_wsj-ud-train.conllu
DEV_CONLL_PATH	C:\Program Files\Python311\Lib\site-packages\thehow\dependency_probe\datasets\conll\wsj\en_wsj-ud-dev.conllu
TEST_CONLL_PATH	C:\Program Files\Python311\Lib\site-packages\thehow\dependency_probe\datasets\conll\wsj\en_wsj-ud-test.conllu
DEPD_DIRECTED	False
DATASET_PKL_PATH	C:\Program Files\Python311\Lib\site-packages\thehow\dependency_probe\datasets\pkl
REPORTS_PATH	C:\Program Files\Python311\Lib\site-packages\thehow\dependency_probe\reports
METHOD	pairwisedepd
