[Mean spearmanr for sents of len 5-50]
0.7727376969869679

[UUAS]
0.5469709888284034

[SPEARMANR]
sent_len	mean_spearmanr
2	0.9999999999999998
3	0.835250566856775
4	0.7107871606314756
5	0.6817298735449631
6	0.737186909696982
7	0.7323893464447894
8	0.7227989762980837
9	0.763538946787447
10	0.7573466099676192
11	0.762996671685528
12	0.761890940919195
13	0.7766945699858598
14	0.7530530895037753
15	0.7765351170803405
16	0.7738989602451296
17	0.7728629578034754
18	0.7741927689683072
19	0.7822569086666371
20	0.7759641598571592
21	0.7807523472597492
22	0.7794924340519694
23	0.781225027293806
24	0.7789897954234742
25	0.78787906333373
26	0.7838917738444321
27	0.7870414104689231
28	0.7907934203214338
29	0.78797454328888
30	0.7769264936930521
31	0.7934907338638513
32	0.7933824807343571
33	0.7950043064307121
34	0.8004450052841772
35	0.7761638894399309
36	0.7797173645362027
37	0.7849752138828605
38	0.776887052799818
39	0.7836005971705919
40	0.7914834697486322
41	0.7824906690873727
42	0.7748880734903517
43	0.7731462167294507
44	0.7940469484516457
45	0.7901943035479788
46	0.7871346993517643
47	0.7693661911158628
48	0.7630082216670254
49	0.744680670847593
50	0.7515248367855955
51	0.80736543269939
52	0.7624699765317678
53	0.7816345533142574
54	0.722505647043029
55	0.7456990462519647
56	0.6673451512801957
57	0.7372299388351058
58	0.7288299687084351
59	0.6773232513281586
60	0.40031544470825453
61	0.6657716061229272
62	0.8101043169740946
63	0.7809101479391732
64	0.6364098509933904
65	0.726296260646773
66	0.7842468838493151
67	0.6583974146708678
69	0.6881913210786723
90	0.5406555468027918
116	0.5106035758848504
118	0.44034290257414566

[EPOCH LOSSES]
0
1
2
3
4
5
6
7
8
9
10
11
12
13
14
15
16
17
18
19

[SETTINGS]
ROOT_PATH	C:\Program Files\Python311\Lib\site-packages\thehow\dependency_probe
MODEL_NAME	bert_large_uncased
MODEL_PATH	D:\transformers\bert\bert_large_uncased
MODEL_NLAYER	24
NDIM_TOKEN_EMBEDDING	1024
MODEL_CUDA	False
ONSITE_EMBEDDINGS	False
HIDDEN_LAYER	20
ONSITE_PROBES	True
LEARNING_RATE	0.001
PROBE_RANK	64
PROBE_CUDA	False
BATCH_SIZE	200
PROBE_SAVEPATH	C:\Program Files\Python311\Lib\site-packages\thehow\dependency_probe\probes
EPOCHS	20
PROBE_LOSS_POW	2
CONLL_ALIAS	wsj
CONLL_PATH	C:\Program Files\Python311\Lib\site-packages\thehow\dependency_probe\datasets\conll\wsj
TRAIN_CONLL_PATH	C:\Program Files\Python311\Lib\site-packages\thehow\dependency_probe\datasets\conll\wsj\en_wsj-ud-train.conllu
DEV_CONLL_PATH	C:\Program Files\Python311\Lib\site-packages\thehow\dependency_probe\datasets\conll\wsj\en_wsj-ud-dev.conllu
TEST_CONLL_PATH	C:\Program Files\Python311\Lib\site-packages\thehow\dependency_probe\datasets\conll\wsj\en_wsj-ud-test.conllu
DEPD_DIRECTED	False
DATASET_PKL_PATH	C:\Program Files\Python311\Lib\site-packages\thehow\dependency_probe\datasets\pkl
REPORTS_PATH	C:\Program Files\Python311\Lib\site-packages\thehow\dependency_probe\reports
METHOD	pairwisedepd
