[Mean spearmanr for sents of len 5-50]
0.7351905389560235

[UUAS]
0.4898231346057148

[SPEARMANR]
sent_len	mean_spearmanr
2	0.9999999999999998
3	0.817232548838757
4	0.7116408302163124
5	0.624787936460699
6	0.7219227953351601
7	0.7022538109817792
8	0.7070765739252759
9	0.7177722577140633
10	0.7286677805537908
11	0.7410672552364838
12	0.7613585958632747
13	0.766066696914842
14	0.7423592204932864
15	0.7484333161385248
16	0.7589313047477125
17	0.7495393820130702
18	0.7545107873533126
19	0.7512934458171845
20	0.7499253005811858
21	0.7537652416540707
22	0.7533493726721158
23	0.747247510523706
24	0.7477821164537497
25	0.7432457681271833
26	0.7353306371367152
27	0.7500911028492795
28	0.7535144071271496
29	0.7440360824554294
30	0.7357932497286441
31	0.7509051506850355
32	0.7536623740786116
33	0.7361259773917583
34	0.7546974726405011
35	0.7242172265379666
36	0.7422343337847305
37	0.7379244534021153
38	0.7367337568829615
39	0.7306964547402962
40	0.7395507628076569
41	0.7183566583106629
42	0.7250778291248718
43	0.7140151499126114
44	0.7367061856690823
45	0.7348955295858622
46	0.7343203298685694
47	0.7194887858584136
48	0.7288290221266817
49	0.6891862004313664
50	0.7210191892796357
51	0.7511222751108629
52	0.7383916482401246
53	0.7078336298809764
54	0.6739470625098906
55	0.7042081312125024
56	0.6557389412682706
57	0.6465811740134172
58	0.6985738504153176
59	0.6949458092752097
60	0.3252180799994734
61	0.6162211961279107
62	0.7239219381818739
63	0.6837924330034737
64	0.5920844319704146
65	0.7705340734451628
66	0.7177816227627972
67	0.5946274918448744
69	0.5783632057348952
90	0.4217087155479199
116	0.41669370802809996
118	0.4379012412224914

[EPOCH LOSSES]
0
1
2
3
4
5
6
7
8
9
10
11
12
13
14
15
16
17
18
19

[SETTINGS]
ROOT_PATH	C:\Program Files\Python311\Lib\site-packages\thehow\dependency_probe
MODEL_NAME	bert_large_uncased
MODEL_PATH	D:\transformers\bert\bert_large_uncased
MODEL_NLAYER	24
NDIM_TOKEN_EMBEDDING	1024
MODEL_CUDA	False
ONSITE_EMBEDDINGS	False
HIDDEN_LAYER	8
ONSITE_PROBES	True
LEARNING_RATE	0.001
PROBE_RANK	64
PROBE_CUDA	False
BATCH_SIZE	200
PROBE_SAVEPATH	C:\Program Files\Python311\Lib\site-packages\thehow\dependency_probe\probes
EPOCHS	20
PROBE_LOSS_POW	2
CONLL_ALIAS	wsj
CONLL_PATH	C:\Program Files\Python311\Lib\site-packages\thehow\dependency_probe\datasets\conll\wsj
TRAIN_CONLL_PATH	C:\Program Files\Python311\Lib\site-packages\thehow\dependency_probe\datasets\conll\wsj\en_wsj-ud-train.conllu
DEV_CONLL_PATH	C:\Program Files\Python311\Lib\site-packages\thehow\dependency_probe\datasets\conll\wsj\en_wsj-ud-dev.conllu
TEST_CONLL_PATH	C:\Program Files\Python311\Lib\site-packages\thehow\dependency_probe\datasets\conll\wsj\en_wsj-ud-test.conllu
DEPD_DIRECTED	False
DATASET_PKL_PATH	C:\Program Files\Python311\Lib\site-packages\thehow\dependency_probe\datasets\pkl
REPORTS_PATH	C:\Program Files\Python311\Lib\site-packages\thehow\dependency_probe\reports
METHOD	pairwisedepd
