[Mean spearmanr for sents of len 5-50]
0.6530359726844784

[UUAS]
0.4619815920071708

[SPEARMANR]
sent_len	mean_spearmanr
2	0.9999999999999998
3	0.8622775938838021
4	0.7332939393819767
5	0.6453995826996735
6	0.7046812523971772
7	0.6746142087129509
8	0.6485773586090983
9	0.6797120260703581
10	0.6629624020843515
11	0.6618098798737353
12	0.6672507039593372
13	0.6799075521421059
14	0.6595206178188764
15	0.666800997246444
16	0.6541644531744504
17	0.6558259878617652
18	0.6642809576361028
19	0.6599788485068565
20	0.6547173546977829
21	0.6605572705117604
22	0.6495855635865354
23	0.6539236921447114
24	0.649941852160339
25	0.6538255074709395
26	0.6615607702771642
27	0.6564969465353259
28	0.6566928155144207
29	0.6554782020037847
30	0.6346622083413553
31	0.661756832439573
32	0.6653273878843137
33	0.6663656351589287
34	0.664160391841483
35	0.6374700205648757
36	0.6475046895372285
37	0.6377844884248147
38	0.6253629353398398
39	0.6506121345149998
40	0.6597781514186929
41	0.6305083974827271
42	0.6516254470112881
43	0.631999308871875
44	0.6492750852836092
45	0.6534686671684033
46	0.6442851300270267
47	0.6387100751574095
48	0.623443543525351
49	0.6219257658112985
50	0.6053616439848699
51	0.6695259287711756
52	0.64093259007061
53	0.644728842915443
54	0.5710230627802265
55	0.6105829230275458
56	0.5847708783411824
57	0.6409432630543302
58	0.6040169621250803
59	0.5538653350201755
60	0.3333207878207864
61	0.5820918472940143
62	0.6592609332221012
63	0.5507982489564353
64	0.5328106128378528
65	0.6628879856695752
66	0.6335202778141872
67	0.5710574164762323
69	0.606963389203678
90	0.4858572900295079
116	0.4253524269288184
118	0.37438267865864067

[EPOCH LOSSES]
0
1
2
3
4
5
6
7
8
9
10
11
12
13
14
15
16
17
18
19

[SETTINGS]
ROOT_PATH	C:\Program Files\Python311\Lib\site-packages\thehow\dependency_probe
MODEL_NAME	bert_large_uncased
MODEL_PATH	D:\transformers\bert\bert_large_uncased
MODEL_NLAYER	24
NDIM_TOKEN_EMBEDDING	1024
MODEL_CUDA	False
ONSITE_EMBEDDINGS	False
HIDDEN_LAYER	23
ONSITE_PROBES	True
LEARNING_RATE	0.001
PROBE_RANK	64
PROBE_CUDA	False
BATCH_SIZE	200
PROBE_SAVEPATH	C:\Program Files\Python311\Lib\site-packages\thehow\dependency_probe\probes
EPOCHS	20
PROBE_LOSS_POW	2
CONLL_ALIAS	wsj
CONLL_PATH	C:\Program Files\Python311\Lib\site-packages\thehow\dependency_probe\datasets\conll\wsj
TRAIN_CONLL_PATH	C:\Program Files\Python311\Lib\site-packages\thehow\dependency_probe\datasets\conll\wsj\en_wsj-ud-train.conllu
DEV_CONLL_PATH	C:\Program Files\Python311\Lib\site-packages\thehow\dependency_probe\datasets\conll\wsj\en_wsj-ud-dev.conllu
TEST_CONLL_PATH	C:\Program Files\Python311\Lib\site-packages\thehow\dependency_probe\datasets\conll\wsj\en_wsj-ud-test.conllu
DEPD_DIRECTED	False
DATASET_PKL_PATH	C:\Program Files\Python311\Lib\site-packages\thehow\dependency_probe\datasets\pkl
REPORTS_PATH	C:\Program Files\Python311\Lib\site-packages\thehow\dependency_probe\reports
METHOD	pairwisedepd
