[Mean spearmanr for sents of len 5-50]
0.64923208584839

[UUAS]
0.4651078900767364

[SPEARMANR]
sent_len	mean_spearmanr
2	0.9999999999999998
3	0.8307460623522706
4	0.7097898721316761
5	0.654481434733739
6	0.6963395847325781
7	0.6624330388235581
8	0.6458010076649061
9	0.6869404458610282
10	0.6677972544456257
11	0.6604293542905784
12	0.6677646194642423
13	0.6777315307194114
14	0.6667195330826808
15	0.6593056205007529
16	0.6599886300497454
17	0.6559327150706725
18	0.6605650099416297
19	0.6584304819747517
20	0.6528994718513705
21	0.6555316959390666
22	0.6459151535239381
23	0.6454036300080429
24	0.6496183701381599
25	0.6514014015055141
26	0.6493032028478505
27	0.6513473749665906
28	0.6532264990114354
29	0.6505100028210314
30	0.6264067029318043
31	0.6564799043541869
32	0.6572535647877896
33	0.6592440132351117
34	0.6589853263539897
35	0.6276959087940772
36	0.641933453549485
37	0.6343895107485948
38	0.6223467018927159
39	0.6411146349759415
40	0.6495900170751213
41	0.6287005156551321
42	0.6469221087732188
43	0.6344338228791463
44	0.6474437809040823
45	0.6477647132998751
46	0.6421353600463904
47	0.632809752145574
48	0.6129025186688994
49	0.610342679272608
50	0.599963894713303
51	0.6627525186151774
52	0.6246449483179739
53	0.6386198949699764
54	0.5787771408077158
55	0.598102547823119
56	0.5795418485819627
57	0.6176942767046645
58	0.5948857401671476
59	0.5473627608474302
60	0.3188515923276471
61	0.5909219531360643
62	0.6313227385804454
63	0.5321638690685974
64	0.5165667378197878
65	0.6029074827847026
66	0.6286574137237562
67	0.5581157593606528
69	0.5991400816050565
90	0.4656730519294872
116	0.4128964083728763
118	0.3834275648901332

[EPOCH LOSSES]
0
1
2
3
4
5
6
7
8
9
10
11
12
13
14
15
16
17
18
19

[SETTINGS]
ROOT_PATH	C:\Program Files\Python311\Lib\site-packages\thehow\dependency_probe
MODEL_NAME	bert_large_uncased
MODEL_PATH	D:\transformers\bert\bert_large_uncased
MODEL_NLAYER	24
NDIM_TOKEN_EMBEDDING	1024
MODEL_CUDA	False
ONSITE_EMBEDDINGS	False
HIDDEN_LAYER	24
ONSITE_PROBES	True
LEARNING_RATE	0.001
PROBE_RANK	64
PROBE_CUDA	False
BATCH_SIZE	200
PROBE_SAVEPATH	C:\Program Files\Python311\Lib\site-packages\thehow\dependency_probe\probes
EPOCHS	20
PROBE_LOSS_POW	2
CONLL_ALIAS	wsj
CONLL_PATH	C:\Program Files\Python311\Lib\site-packages\thehow\dependency_probe\datasets\conll\wsj
TRAIN_CONLL_PATH	C:\Program Files\Python311\Lib\site-packages\thehow\dependency_probe\datasets\conll\wsj\en_wsj-ud-train.conllu
DEV_CONLL_PATH	C:\Program Files\Python311\Lib\site-packages\thehow\dependency_probe\datasets\conll\wsj\en_wsj-ud-dev.conllu
TEST_CONLL_PATH	C:\Program Files\Python311\Lib\site-packages\thehow\dependency_probe\datasets\conll\wsj\en_wsj-ud-test.conllu
DEPD_DIRECTED	False
DATASET_PKL_PATH	C:\Program Files\Python311\Lib\site-packages\thehow\dependency_probe\datasets\pkl
REPORTS_PATH	C:\Program Files\Python311\Lib\site-packages\thehow\dependency_probe\reports
METHOD	pairwisedepd
