[Mean spearmanr for sents of len 5-50]
0.7799681908579569

[UUAS]
0.5387289302813668

[SPEARMANR]
sent_len	mean_spearmanr
2	0.9999999999999998
3	0.844259575865784
4	0.7254592502985433
5	0.6586022084368449
6	0.7600880182915621
7	0.7632848133573691
8	0.7647569694101937
9	0.7957211356148862
10	0.7735306645685098
11	0.7964622357669614
12	0.8102063904263286
13	0.8190280344489278
14	0.7829117679384062
15	0.8008260824749406
16	0.8048020101120449
17	0.8058831855561769
18	0.7991874965332852
19	0.7988826011817632
20	0.7931335966402128
21	0.7994184594453574
22	0.7981675017353961
23	0.7928819194866289
24	0.7968753496570494
25	0.7936529807423476
26	0.7858926106794583
27	0.7932333993381867
28	0.8019222335392103
29	0.7885840875355443
30	0.7808693287692059
31	0.7897514752762883
32	0.7947658577471649
33	0.7777700738669807
34	0.8008748125661607
35	0.7680857183770735
36	0.7826153004347045
37	0.7807919226238191
38	0.7819738999167621
39	0.7750211742951202
40	0.7819665638438154
41	0.7617409048823632
42	0.762029029290175
43	0.7487761807967024
44	0.7699636305960698
45	0.7707458994633632
46	0.7728921699508959
47	0.7539845942484562
48	0.768324640018477
49	0.7229337529065678
50	0.7547240966782555
51	0.7859961701759688
52	0.7814292708530899
53	0.7437887389409265
54	0.6976825232215774
55	0.7250319891261583
56	0.6768592752340438
57	0.6737450873218467
58	0.7228744032294544
59	0.6916781825247907
60	0.320986747090774
61	0.6201652822475249
62	0.7339689342130936
63	0.7259736809501315
64	0.6126298253373577
65	0.7701672574491069
66	0.7420744526847939
67	0.6397049852158153
69	0.5969462499728738
90	0.4504378486115198
116	0.4748095579566209
118	0.4368260803714125

[EPOCH LOSSES]
0
1
2
3
4
5
6
7
8
9
10
11
12
13
14
15
16
17
18
19

[SETTINGS]
ROOT_PATH	C:\Program Files\Python311\Lib\site-packages\thehow\dependency_probe
MODEL_NAME	bert_large_uncased
MODEL_PATH	D:\transformers\bert\bert_large_uncased
MODEL_NLAYER	24
NDIM_TOKEN_EMBEDDING	1024
MODEL_CUDA	False
ONSITE_EMBEDDINGS	False
HIDDEN_LAYER	11
ONSITE_PROBES	True
LEARNING_RATE	0.001
PROBE_RANK	64
PROBE_CUDA	False
BATCH_SIZE	200
PROBE_SAVEPATH	C:\Program Files\Python311\Lib\site-packages\thehow\dependency_probe\probes
EPOCHS	20
PROBE_LOSS_POW	2
CONLL_ALIAS	wsj
CONLL_PATH	C:\Program Files\Python311\Lib\site-packages\thehow\dependency_probe\datasets\conll\wsj
TRAIN_CONLL_PATH	C:\Program Files\Python311\Lib\site-packages\thehow\dependency_probe\datasets\conll\wsj\en_wsj-ud-train.conllu
DEV_CONLL_PATH	C:\Program Files\Python311\Lib\site-packages\thehow\dependency_probe\datasets\conll\wsj\en_wsj-ud-dev.conllu
TEST_CONLL_PATH	C:\Program Files\Python311\Lib\site-packages\thehow\dependency_probe\datasets\conll\wsj\en_wsj-ud-test.conllu
DEPD_DIRECTED	False
DATASET_PKL_PATH	C:\Program Files\Python311\Lib\site-packages\thehow\dependency_probe\datasets\pkl
REPORTS_PATH	C:\Program Files\Python311\Lib\site-packages\thehow\dependency_probe\reports
METHOD	pairwisedepd
