[Mean spearmanr for sents of len 5-50]
0.7182652506196348

[UUAS]
0.48174504274064844

[SPEARMANR]
sent_len	mean_spearmanr
2	0.9999999999999998
3	0.8487640803702885
4	0.7289184100014253
5	0.6259883386811665
6	0.7271540852404736
7	0.6962758286363567
8	0.6969141574702811
9	0.7166201377849598
10	0.7182480429222852
11	0.7364318342675967
12	0.7493016569112316
13	0.753793598100904
14	0.7221204301654611
15	0.7329873818877557
16	0.7463270228622391
17	0.7393823064273892
18	0.7354305639567359
19	0.7352948117397008
20	0.7362714514227279
21	0.7370776799258171
22	0.7395560734435519
23	0.7305795463779593
24	0.7339312480197981
25	0.7254804580576905
26	0.7210217958583005
27	0.7301351879048994
28	0.7367499075001981
29	0.72159710681287
30	0.7167657953860165
31	0.7322408232413598
32	0.7320129466552197
33	0.7194435092993353
34	0.7369780139103392
35	0.7048566077532358
36	0.7229046726567924
37	0.7223598071429959
38	0.7127096372371241
39	0.7066945977403302
40	0.7155948683183373
41	0.6920221765044606
42	0.7007883417361789
43	0.6855498843621715
44	0.7162003715482032
45	0.7126451048692987
46	0.7114020124489348
47	0.695200553424751
48	0.6960447749799507
49	0.6673906887944488
50	0.6957256881153588
51	0.7341795387491796
52	0.7228437060899033
53	0.6919490003608451
54	0.6379276717851434
55	0.6885454551790777
56	0.6252819134082436
57	0.6144207950317507
58	0.6539412565111477
59	0.6641978619077694
60	0.31563231619672566
61	0.594164838269113
62	0.6883433392482361
63	0.653311920379375
64	0.5603386483171653
65	0.7354539908339364
66	0.6906440830829812
67	0.5739124058389322
69	0.5142556934771172
90	0.36437998458556814
116	0.32982773941127674
118	0.39677098498029834

[EPOCH LOSSES]
0
1
2
3
4
5
6
7
8
9
10
11
12
13
14
15
16
17
18
19

[SETTINGS]
ROOT_PATH	C:\Program Files\Python311\Lib\site-packages\thehow\dependency_probe
MODEL_NAME	bert_large_uncased
MODEL_PATH	D:\transformers\bert\bert_large_uncased
MODEL_NLAYER	24
NDIM_TOKEN_EMBEDDING	1024
MODEL_CUDA	False
ONSITE_EMBEDDINGS	False
HIDDEN_LAYER	6
ONSITE_PROBES	True
LEARNING_RATE	0.001
PROBE_RANK	64
PROBE_CUDA	False
BATCH_SIZE	200
PROBE_SAVEPATH	C:\Program Files\Python311\Lib\site-packages\thehow\dependency_probe\probes
EPOCHS	20
PROBE_LOSS_POW	2
CONLL_ALIAS	wsj
CONLL_PATH	C:\Program Files\Python311\Lib\site-packages\thehow\dependency_probe\datasets\conll\wsj
TRAIN_CONLL_PATH	C:\Program Files\Python311\Lib\site-packages\thehow\dependency_probe\datasets\conll\wsj\en_wsj-ud-train.conllu
DEV_CONLL_PATH	C:\Program Files\Python311\Lib\site-packages\thehow\dependency_probe\datasets\conll\wsj\en_wsj-ud-dev.conllu
TEST_CONLL_PATH	C:\Program Files\Python311\Lib\site-packages\thehow\dependency_probe\datasets\conll\wsj\en_wsj-ud-test.conllu
DEPD_DIRECTED	False
DATASET_PKL_PATH	C:\Program Files\Python311\Lib\site-packages\thehow\dependency_probe\datasets\pkl
REPORTS_PATH	C:\Program Files\Python311\Lib\site-packages\thehow\dependency_probe\reports
METHOD	pairwisedepd
