[Mean spearmanr for sents of len 5-50]
0.7627301680408536

[UUAS]
0.5273933670011587

[SPEARMANR]
sent_len	mean_spearmanr
2	0.9999999999999998
3	0.8037190353252435
4	0.7227728413583678
5	0.6550153921087172
6	0.7454791423065583
7	0.7393635281236521
8	0.7357374831616428
9	0.7707577043517893
10	0.7551405857463678
11	0.7716788559153578
12	0.7904736993756305
13	0.8000778324202538
14	0.7602767894354526
15	0.7787878819627948
16	0.7887697624314511
17	0.7822254996320346
18	0.7776049672012589
19	0.779779763757768
20	0.7726399699089026
21	0.7824681913155537
22	0.7792366185117231
23	0.7753212923577874
24	0.7796142688862441
25	0.7740444104793021
26	0.7668731505482302
27	0.7815570543942983
28	0.7839628505339195
29	0.775657403453972
30	0.763211922591781
31	0.7761360895762924
32	0.7789445480816057
33	0.7649726370441922
34	0.7870825679000445
35	0.7497264796040926
36	0.7685809817944212
37	0.7673722949229472
38	0.7693019645043443
39	0.7577471464031349
40	0.7663753413250982
41	0.7428048437063296
42	0.7480205033251933
43	0.7392546760372256
44	0.7572298982610854
45	0.7585588519022798
46	0.7550972204132591
47	0.7387823287393626
48	0.7546629596605718
49	0.6997065848300231
50	0.7394737909353112
51	0.7632624262197891
52	0.7597694874861038
53	0.723094434943398
54	0.6821266886473561
55	0.7146622845181928
56	0.6596373635935512
57	0.6680930592514753
58	0.7195895530382916
59	0.6942478897880203
60	0.30294353651049577
61	0.6193532957352281
62	0.7085438962879125
63	0.7054101967663718
64	0.6043506821235758
65	0.7576669736467382
66	0.7323846365412364
67	0.6472805227689613
69	0.5793778729143468
90	0.4401118940652358
116	0.4637230034678016
118	0.43732432163196083

[EPOCH LOSSES]
0
1
2
3
4
5
6
7
8
9
10
11
12
13
14
15
16
17
18
19

[SETTINGS]
ROOT_PATH	C:\Program Files\Python311\Lib\site-packages\thehow\dependency_probe
MODEL_NAME	bert_large_uncased
MODEL_PATH	D:\transformers\bert\bert_large_uncased
MODEL_NLAYER	24
NDIM_TOKEN_EMBEDDING	1024
MODEL_CUDA	False
ONSITE_EMBEDDINGS	False
HIDDEN_LAYER	10
ONSITE_PROBES	True
LEARNING_RATE	0.001
PROBE_RANK	64
PROBE_CUDA	False
BATCH_SIZE	200
PROBE_SAVEPATH	C:\Program Files\Python311\Lib\site-packages\thehow\dependency_probe\probes
EPOCHS	20
PROBE_LOSS_POW	2
CONLL_ALIAS	wsj
CONLL_PATH	C:\Program Files\Python311\Lib\site-packages\thehow\dependency_probe\datasets\conll\wsj
TRAIN_CONLL_PATH	C:\Program Files\Python311\Lib\site-packages\thehow\dependency_probe\datasets\conll\wsj\en_wsj-ud-train.conllu
DEV_CONLL_PATH	C:\Program Files\Python311\Lib\site-packages\thehow\dependency_probe\datasets\conll\wsj\en_wsj-ud-dev.conllu
TEST_CONLL_PATH	C:\Program Files\Python311\Lib\site-packages\thehow\dependency_probe\datasets\conll\wsj\en_wsj-ud-test.conllu
DEPD_DIRECTED	False
DATASET_PKL_PATH	C:\Program Files\Python311\Lib\site-packages\thehow\dependency_probe\datasets\pkl
REPORTS_PATH	C:\Program Files\Python311\Lib\site-packages\thehow\dependency_probe\reports
METHOD	pairwisedepd
