[Mean spearmanr for sents of len 5-50]
0.8211632098059222

[UUAS]
0.5843335300933516

[SPEARMANR]
sent_len	mean_spearmanr
2	0.9999999999999998
3	0.8397550713612796
4	0.7639408637751346
5	0.6846349000625248
6	0.7800124084231108
7	0.7896270490791903
8	0.7679731262950598
9	0.8144892367088301
10	0.8009279944405795
11	0.8141735616498756
12	0.835340384931876
13	0.8422744167761392
14	0.8135574747959651
15	0.8249611971231955
16	0.8339377883512205
17	0.8437384963669292
18	0.8412246534757469
19	0.84201024193313
20	0.8315454505761714
21	0.8315719981754867
22	0.8365027309575614
23	0.8336739232396819
24	0.8367496504957356
25	0.8419304338613458
26	0.8353233393532532
27	0.8385555423993579
28	0.8420280709533691
29	0.837401826228049
30	0.8273158688305831
31	0.839724385967247
32	0.8356890731884515
33	0.8353135197387864
34	0.8459479750450284
35	0.8273438611846419
36	0.8308062822380441
37	0.8303731277490226
38	0.8298601804383526
39	0.8279194869790353
40	0.8339502994866012
41	0.8156227490396277
42	0.8162472533570183
43	0.8053300161699186
44	0.8211962206756457
45	0.8330259211120978
46	0.8300510442995322
47	0.8110226305786143
48	0.8089311535002986
49	0.7750988272459607
50	0.7985718775945343
51	0.8523514435436278
52	0.8200903368031002
53	0.8212319189965565
54	0.7615808628501172
55	0.7586523054572215
56	0.726898030165404
57	0.7636733264017179
58	0.7669596306957622
59	0.7532859152611537
60	0.423475739600956
61	0.6803207855560695
62	0.8435734107251057
63	0.8196663965360597
64	0.6589343574552082
65	0.7803013317481732
66	0.8358144331010725
67	0.726780577019261
69	0.72056688448499
90	0.5323248986240815
116	0.5617346872845063
118	0.4871305083276911

[EPOCH LOSSES]
0
1
2
3
4
5
6
7
8
9
10
11
12
13
14
15
16
17
18
19

[SETTINGS]
ROOT_PATH	C:\Program Files\Python311\Lib\site-packages\thehow\dependency_probe
MODEL_NAME	bert_large_uncased
MODEL_PATH	D:\transformers\bert\bert_large_uncased
MODEL_NLAYER	24
NDIM_TOKEN_EMBEDDING	1024
MODEL_CUDA	False
ONSITE_EMBEDDINGS	False
HIDDEN_LAYER	16
ONSITE_PROBES	True
LEARNING_RATE	0.001
PROBE_RANK	64
PROBE_CUDA	False
BATCH_SIZE	200
PROBE_SAVEPATH	C:\Program Files\Python311\Lib\site-packages\thehow\dependency_probe\probes
EPOCHS	20
PROBE_LOSS_POW	2
CONLL_ALIAS	wsj
CONLL_PATH	C:\Program Files\Python311\Lib\site-packages\thehow\dependency_probe\datasets\conll\wsj
TRAIN_CONLL_PATH	C:\Program Files\Python311\Lib\site-packages\thehow\dependency_probe\datasets\conll\wsj\en_wsj-ud-train.conllu
DEV_CONLL_PATH	C:\Program Files\Python311\Lib\site-packages\thehow\dependency_probe\datasets\conll\wsj\en_wsj-ud-dev.conllu
TEST_CONLL_PATH	C:\Program Files\Python311\Lib\site-packages\thehow\dependency_probe\datasets\conll\wsj\en_wsj-ud-test.conllu
DEPD_DIRECTED	False
DATASET_PKL_PATH	C:\Program Files\Python311\Lib\site-packages\thehow\dependency_probe\datasets\pkl
REPORTS_PATH	C:\Program Files\Python311\Lib\site-packages\thehow\dependency_probe\reports
METHOD	pairwisedepd
