[Mean spearmanr for sents of len 5-50]
0.8197546821218751

[UUAS]
0.583338798889399

[SPEARMANR]
sent_len	mean_spearmanr
2	0.9999999999999998
3	0.844259575865784
4	0.7375571998939817
5	0.7064422796673822
6	0.7921421492508014
7	0.8025942608653949
8	0.7788644597297686
9	0.8171843429161721
10	0.8098990477624278
11	0.8277737431694806
12	0.8399124764836144
13	0.8536117546148576
14	0.8161224630856766
15	0.8320681039684449
16	0.8338212403788916
17	0.8415753260485838
18	0.8386058771790258
19	0.8392846336337436
20	0.8314249947688241
21	0.8318578296189632
22	0.8360518963971546
23	0.8356006596253909
24	0.8361421735986045
25	0.8394188771441679
26	0.8267673658415903
27	0.8339453834866978
28	0.838963268740533
29	0.8302780262775304
30	0.822041163457431
31	0.833361693242212
32	0.83072371217953
33	0.8262646923498033
34	0.8418761202570835
35	0.818959607003725
36	0.8230182856312824
37	0.8224558107526493
38	0.8246727922884888
39	0.8217191884687732
40	0.8256068347814592
41	0.808200465150606
42	0.81074850334721
43	0.7958373153397061
44	0.8142488838919171
45	0.8223460241878104
46	0.818148833600035
47	0.8075824423448541
48	0.8102029716460964
49	0.7623511295506837
50	0.7979962738811686
51	0.8417847050328764
52	0.8251261450197214
53	0.7906781339962428
54	0.7471676086098924
55	0.7521062592256726
56	0.7290203381612212
57	0.7490254557344184
58	0.7778556995077364
59	0.746303561825386
60	0.39448059563755855
61	0.6693651033743415
62	0.8060422047262237
63	0.8089122458215866
64	0.6588825137155138
65	0.7981861487396891
66	0.8112618734467346
67	0.703277768332648
69	0.6767474797980736
90	0.49769609180784014
116	0.5284420042864123
118	0.47803866064883654

[EPOCH LOSSES]
0
1
2
3
4
5
6
7
8
9
10
11
12
13
14
15
16
17
18
19

[SETTINGS]
ROOT_PATH	C:\Program Files\Python311\Lib\site-packages\thehow\dependency_probe
MODEL_NAME	bert_large_uncased
MODEL_PATH	D:\transformers\bert\bert_large_uncased
MODEL_NLAYER	24
NDIM_TOKEN_EMBEDDING	1024
MODEL_CUDA	False
ONSITE_EMBEDDINGS	False
HIDDEN_LAYER	14
ONSITE_PROBES	True
LEARNING_RATE	0.001
PROBE_RANK	64
PROBE_CUDA	False
BATCH_SIZE	200
PROBE_SAVEPATH	C:\Program Files\Python311\Lib\site-packages\thehow\dependency_probe\probes
EPOCHS	20
PROBE_LOSS_POW	2
CONLL_ALIAS	wsj
CONLL_PATH	C:\Program Files\Python311\Lib\site-packages\thehow\dependency_probe\datasets\conll\wsj
TRAIN_CONLL_PATH	C:\Program Files\Python311\Lib\site-packages\thehow\dependency_probe\datasets\conll\wsj\en_wsj-ud-train.conllu
DEV_CONLL_PATH	C:\Program Files\Python311\Lib\site-packages\thehow\dependency_probe\datasets\conll\wsj\en_wsj-ud-dev.conllu
TEST_CONLL_PATH	C:\Program Files\Python311\Lib\site-packages\thehow\dependency_probe\datasets\conll\wsj\en_wsj-ud-test.conllu
DEPD_DIRECTED	False
DATASET_PKL_PATH	C:\Program Files\Python311\Lib\site-packages\thehow\dependency_probe\datasets\pkl
REPORTS_PATH	C:\Program Files\Python311\Lib\site-packages\thehow\dependency_probe\reports
METHOD	pairwisedepd
