[Mean spearmanr for sents of len 5-50]
0.7917292858061226

[UUAS]
0.5644607682385606

[SPEARMANR]
sent_len	mean_spearmanr
2	0.9999999999999998
3	0.8037190353252435
4	0.6770674519167891
5	0.6865242084553517
6	0.744155200611044
7	0.7510576834242039
8	0.7368464442041286
9	0.7826219077209291
10	0.7703200589080943
11	0.7843579278072222
12	0.7921415099778555
13	0.8008659375253436
14	0.7766572146668999
15	0.7952700916767618
16	0.7970159437163266
17	0.8016105626395195
18	0.7999428884951866
19	0.80763663853367
20	0.7993041785154297
21	0.8031050581739191
22	0.8035131418217425
23	0.8020090774071341
24	0.8017949313147985
25	0.8080365592427204
26	0.804121461871274
27	0.806532655017891
28	0.8113492264953743
29	0.806767489609875
30	0.7980547426828861
31	0.8103310101020069
32	0.8125128112277975
33	0.8148120948940025
34	0.8193616420423919
35	0.797840634729326
36	0.7948237613083983
37	0.8052451826050208
38	0.8037951383702269
39	0.8011600278650237
40	0.80978256002726
41	0.7978305930085468
42	0.7903315520816744
43	0.7866844069503919
44	0.8074833433861094
45	0.802531697980269
46	0.8027275550751517
47	0.7852795405584245
48	0.7828563953199246
49	0.7532182620412544
50	0.7693261969928533
51	0.8322006320646536
52	0.769960241522588
53	0.8038448767718037
54	0.7314370586306657
55	0.7475829069870658
56	0.7015981750737705
57	0.7408033915932035
58	0.7550602801648807
59	0.7156636727009408
60	0.43532801194794396
61	0.6706061070943008
62	0.8266340579198928
63	0.8148681300856722
64	0.6465285983762026
65	0.7508856249493593
66	0.7827801486307251
67	0.6841281011634116
69	0.7229170915862823
90	0.567885584866181
116	0.5477807606159704
118	0.4792214041727538

[EPOCH LOSSES]
0
1
2
3
4
5
6
7
8
9
10
11
12
13
14
15
16
17
18
19

[SETTINGS]
ROOT_PATH	C:\Program Files\Python311\Lib\site-packages\thehow\dependency_probe
MODEL_NAME	bert_large_uncased
MODEL_PATH	D:\transformers\bert\bert_large_uncased
MODEL_NLAYER	24
NDIM_TOKEN_EMBEDDING	1024
MODEL_CUDA	False
ONSITE_EMBEDDINGS	False
HIDDEN_LAYER	18
ONSITE_PROBES	True
LEARNING_RATE	0.001
PROBE_RANK	64
PROBE_CUDA	False
BATCH_SIZE	200
PROBE_SAVEPATH	C:\Program Files\Python311\Lib\site-packages\thehow\dependency_probe\probes
EPOCHS	20
PROBE_LOSS_POW	2
CONLL_ALIAS	wsj
CONLL_PATH	C:\Program Files\Python311\Lib\site-packages\thehow\dependency_probe\datasets\conll\wsj
TRAIN_CONLL_PATH	C:\Program Files\Python311\Lib\site-packages\thehow\dependency_probe\datasets\conll\wsj\en_wsj-ud-train.conllu
DEV_CONLL_PATH	C:\Program Files\Python311\Lib\site-packages\thehow\dependency_probe\datasets\conll\wsj\en_wsj-ud-dev.conllu
TEST_CONLL_PATH	C:\Program Files\Python311\Lib\site-packages\thehow\dependency_probe\datasets\conll\wsj\en_wsj-ud-test.conllu
DEPD_DIRECTED	False
DATASET_PKL_PATH	C:\Program Files\Python311\Lib\site-packages\thehow\dependency_probe\datasets\pkl
REPORTS_PATH	C:\Program Files\Python311\Lib\site-packages\thehow\dependency_probe\reports
METHOD	pairwisedepd
