[Mean spearmanr for sents of len 5-50]
0.8203279845511623

[UUAS]
0.5850440523818893

[SPEARMANR]
sent_len	mean_spearmanr
2	0.9999999999999998
3	0.8757911073973156
4	0.7331007516913001
5	0.7000326588798124
6	0.7770940891260696
7	0.7974772439173038
8	0.770491704334772
9	0.8215710196085183
10	0.8056428638748507
11	0.825361952391776
12	0.8360020710704
13	0.8446041950142475
14	0.8121010236698788
15	0.828578832129302
16	0.8366868832479902
17	0.8424608520607492
18	0.8409069357441077
19	0.8397637711058835
20	0.8316108624533054
21	0.8340103302793401
22	0.8367055810894948
23	0.8357311817642636
24	0.8377386767210273
25	0.8418718513351044
26	0.8305692509578613
27	0.838627568577806
28	0.8421566617306143
29	0.8326803576612241
30	0.8254896002805644
31	0.8351437231226848
32	0.8330257626369537
33	0.833536798280372
34	0.8451507488909314
35	0.8212700733440851
36	0.8258489418901953
37	0.8254513263063481
38	0.8277755103069139
39	0.823219704100258
40	0.8271363850448806
41	0.8095875781751608
42	0.8139957895122512
43	0.7993674647819352
44	0.8154082540873193
45	0.8302056093159393
46	0.821948780178275
47	0.8053790058096353
48	0.8126414670607182
49	0.7670199784354675
50	0.7960063690468767
51	0.8469548206999284
52	0.8222089975325789
53	0.797772493825564
54	0.754422409180906
55	0.7538959353233543
56	0.7276899164508961
57	0.7612385487859359
58	0.7663421836304319
59	0.7531724614509638
60	0.3994920351771877
61	0.6804126271353585
62	0.8217416406259129
63	0.8208756878508359
64	0.6616860526557178
65	0.7802820155918392
66	0.8119122404299131
67	0.713177334584225
69	0.6982126545982619
90	0.4973411687604457
116	0.5227949876054974
118	0.4628438907870467

[EPOCH LOSSES]
0
1
2
3
4
5
6
7
8
9
10
11
12
13
14
15
16
17
18
19

[SETTINGS]
ROOT_PATH	C:\Program Files\Python311\Lib\site-packages\thehow\dependency_probe
MODEL_NAME	bert_large_uncased
MODEL_PATH	D:\transformers\bert\bert_large_uncased
MODEL_NLAYER	24
NDIM_TOKEN_EMBEDDING	1024
MODEL_CUDA	False
ONSITE_EMBEDDINGS	False
HIDDEN_LAYER	15
ONSITE_PROBES	True
LEARNING_RATE	0.001
PROBE_RANK	64
PROBE_CUDA	False
BATCH_SIZE	200
PROBE_SAVEPATH	C:\Program Files\Python311\Lib\site-packages\thehow\dependency_probe\probes
EPOCHS	20
PROBE_LOSS_POW	2
CONLL_ALIAS	wsj
CONLL_PATH	C:\Program Files\Python311\Lib\site-packages\thehow\dependency_probe\datasets\conll\wsj
TRAIN_CONLL_PATH	C:\Program Files\Python311\Lib\site-packages\thehow\dependency_probe\datasets\conll\wsj\en_wsj-ud-train.conllu
DEV_CONLL_PATH	C:\Program Files\Python311\Lib\site-packages\thehow\dependency_probe\datasets\conll\wsj\en_wsj-ud-dev.conllu
TEST_CONLL_PATH	C:\Program Files\Python311\Lib\site-packages\thehow\dependency_probe\datasets\conll\wsj\en_wsj-ud-test.conllu
DEPD_DIRECTED	False
DATASET_PKL_PATH	C:\Program Files\Python311\Lib\site-packages\thehow\dependency_probe\datasets\pkl
REPORTS_PATH	C:\Program Files\Python311\Lib\site-packages\thehow\dependency_probe\reports
METHOD	pairwisedepd
