[Mean spearmanr for sents of len 5-50]
0.815180513919266

[UUAS]
0.5828578299556196

[SPEARMANR]
sent_len	mean_spearmanr
2	0.9999999999999998
3	0.826241557847766
4	0.711173536012829
5	0.6501488436178415
6	0.7665631593168861
7	0.7780900713501341
8	0.7392125798989195
9	0.8067146471182266
10	0.7951435500995899
11	0.803472936536886
12	0.8237299660359978
13	0.8376773661065692
14	0.8067284743560511
15	0.8216998282992077
16	0.8290686327495909
17	0.8362361899398144
18	0.8322373615969662
19	0.8361763765798719
20	0.8251699493740214
21	0.8312662289190446
22	0.8312256750884769
23	0.8290205823357529
24	0.8303833457838212
25	0.8373047257165654
26	0.8290763056624454
27	0.834738254136443
28	0.8355280055410537
29	0.8324825270872594
30	0.8219779981328407
31	0.831800356837364
32	0.8351586608387015
33	0.8317020296119302
34	0.8422063607735023
35	0.8228616410719024
36	0.824547443660929
37	0.8261157526847179
38	0.8255872317093809
39	0.8223399095368983
40	0.8305461689653743
41	0.8150258530106457
42	0.8134244690840953
43	0.8067993515080054
44	0.8236709704567675
45	0.8327448442756197
46	0.8262994717477912
47	0.8118359728663209
48	0.8041733960279163
49	0.776203028143236
50	0.7941871460948801
51	0.8474597158106494
52	0.8111419049415645
53	0.8185172260845113
54	0.7651122755381912
55	0.7650525617779625
56	0.7255428387474528
57	0.7648825828068907
58	0.7673310733859947
59	0.7432256137538196
60	0.432115170490242
61	0.6930712090136789
62	0.8469206141648868
63	0.8219881647670642
64	0.6675164330645823
65	0.7775563732289932
66	0.8086089239707309
67	0.7207907185431824
69	0.7275939651595071
90	0.5316594398716386
116	0.5547585401672596
118	0.4887445590469183

[EPOCH LOSSES]
0
1
2
3
4
5
6
7
8
9
10
11
12
13
14
15
16
17
18
19

[SETTINGS]
ROOT_PATH	C:\Program Files\Python311\Lib\site-packages\thehow\dependency_probe
MODEL_NAME	bert_large_uncased
MODEL_PATH	D:\transformers\bert\bert_large_uncased
MODEL_NLAYER	24
NDIM_TOKEN_EMBEDDING	1024
MODEL_CUDA	False
ONSITE_EMBEDDINGS	False
HIDDEN_LAYER	17
ONSITE_PROBES	True
LEARNING_RATE	0.001
PROBE_RANK	64
PROBE_CUDA	False
BATCH_SIZE	200
PROBE_SAVEPATH	C:\Program Files\Python311\Lib\site-packages\thehow\dependency_probe\probes
EPOCHS	20
PROBE_LOSS_POW	2
CONLL_ALIAS	wsj
CONLL_PATH	C:\Program Files\Python311\Lib\site-packages\thehow\dependency_probe\datasets\conll\wsj
TRAIN_CONLL_PATH	C:\Program Files\Python311\Lib\site-packages\thehow\dependency_probe\datasets\conll\wsj\en_wsj-ud-train.conllu
DEV_CONLL_PATH	C:\Program Files\Python311\Lib\site-packages\thehow\dependency_probe\datasets\conll\wsj\en_wsj-ud-dev.conllu
TEST_CONLL_PATH	C:\Program Files\Python311\Lib\site-packages\thehow\dependency_probe\datasets\conll\wsj\en_wsj-ud-test.conllu
DEPD_DIRECTED	False
DATASET_PKL_PATH	C:\Program Files\Python311\Lib\site-packages\thehow\dependency_probe\datasets\pkl
REPORTS_PATH	C:\Program Files\Python311\Lib\site-packages\thehow\dependency_probe\reports
METHOD	pairwisedepd
