[Mean spearmanr for sents of len 5-50]
0.7147949767446498

[UUAS]
0.476268555562843

[SPEARMANR]
sent_len	mean_spearmanr
2	0.9999999999999998
3	0.8667820983883066
4	0.7550279673697713
5	0.6804682365314619
6	0.7417965989991484
7	0.7036330382510718
8	0.690462738079151
9	0.7094092058509904
10	0.7144640103349493
11	0.7142285363821965
12	0.7346482271798468
13	0.7373218903593471
14	0.7103745801548126
15	0.7247043338764826
16	0.7320301829254247
17	0.7285343387226934
18	0.7247581422747374
19	0.724942084519916
20	0.7295959965450901
21	0.7264268004110954
22	0.7287342092606521
23	0.7239549899285296
24	0.7276687069682416
25	0.712376109355985
26	0.710717958257667
27	0.7217615547628441
28	0.731087939725237
29	0.7251166810388593
30	0.7118503895562711
31	0.7253137181497888
32	0.7229435281494062
33	0.7098787301483519
34	0.7327847184492301
35	0.6953323303103129
36	0.722052953726381
37	0.7189029522793556
38	0.7106336351684771
39	0.6991655739156564
40	0.7122444639413927
41	0.6866720372235869
42	0.7017938309043154
43	0.6848682160305622
44	0.7226646470327637
45	0.7214386922979802
46	0.7152836153847171
47	0.6924596022599031
48	0.7096007835998744
49	0.6706812532874371
50	0.7047861677416928
51	0.7228371164218664
52	0.7207334975095091
53	0.6860412356848486
54	0.6366841624363271
55	0.6933999588419937
56	0.6327665734547676
57	0.6286386246215669
58	0.6711809818286391
59	0.6734354928633489
60	0.3306942590535886
61	0.5852678550326686
62	0.6967800107294283
63	0.6149309801789734
64	0.5833878620199411
65	0.689010497330932
66	0.6952971851370399
67	0.5916388903516252
69	0.5084799732803934
90	0.3511179852893154
116	0.2500223808580259
118	0.2915058065745411

[EPOCH LOSSES]
0
1
2
3
4
5
6
7
8
9
10
11
12
13
14
15
16
17
18
19

[SETTINGS]
ROOT_PATH	C:\Program Files\Python311\Lib\site-packages\thehow\dependency_probe
MODEL_NAME	bert_large_uncased
MODEL_PATH	D:\transformers\bert\bert_large_uncased
MODEL_NLAYER	24
NDIM_TOKEN_EMBEDDING	1024
MODEL_CUDA	False
ONSITE_EMBEDDINGS	False
HIDDEN_LAYER	3
ONSITE_PROBES	True
LEARNING_RATE	0.001
PROBE_RANK	64
PROBE_CUDA	False
BATCH_SIZE	200
PROBE_SAVEPATH	C:\Program Files\Python311\Lib\site-packages\thehow\dependency_probe\probes
EPOCHS	20
PROBE_LOSS_POW	2
CONLL_ALIAS	wsj
CONLL_PATH	C:\Program Files\Python311\Lib\site-packages\thehow\dependency_probe\datasets\conll\wsj
TRAIN_CONLL_PATH	C:\Program Files\Python311\Lib\site-packages\thehow\dependency_probe\datasets\conll\wsj\en_wsj-ud-train.conllu
DEV_CONLL_PATH	C:\Program Files\Python311\Lib\site-packages\thehow\dependency_probe\datasets\conll\wsj\en_wsj-ud-dev.conllu
TEST_CONLL_PATH	C:\Program Files\Python311\Lib\site-packages\thehow\dependency_probe\datasets\conll\wsj\en_wsj-ud-test.conllu
DEPD_DIRECTED	False
DATASET_PKL_PATH	C:\Program Files\Python311\Lib\site-packages\thehow\dependency_probe\datasets\pkl
REPORTS_PATH	C:\Program Files\Python311\Lib\site-packages\thehow\dependency_probe\reports
METHOD	pairwisedepd
