[Mean spearmanr for sents of len 5-50]
0.6984628319585672

[UUAS]
0.4950809995408933

[SPEARMANR]
sent_len	mean_spearmanr
2	0.9999999999999998
3	0.8397550713612796
4	0.7178177489057863
5	0.6785579440091527
6	0.7528980397886147
7	0.7078064638364251
8	0.6962811886320672
9	0.6934107967222024
10	0.7095484990334263
11	0.6917746036832159
12	0.7222664655653069
13	0.7108799214410235
14	0.6822021728027481
15	0.6994294405848498
16	0.707599857987174
17	0.6988681075115566
18	0.6984002546877274
19	0.6971938684132106
20	0.6974305518111018
21	0.6911472641570336
22	0.7005075735564712
23	0.6985671125251991
24	0.6987363314992047
25	0.6854408061418782
26	0.6857601577435964
27	0.6935897784248048
28	0.7066674189316055
29	0.6969890707435623
30	0.6900645296346545
31	0.7067449824172671
32	0.7040432247347705
33	0.6891398931126398
34	0.7133662063997248
35	0.6792103895176966
36	0.7103571427505295
37	0.7033207505353107
38	0.6940099923585586
39	0.6900708412420066
40	0.7059415731400644
41	0.6784791672225177
42	0.6923760019136816
43	0.6786972007589247
44	0.715366816122929
45	0.7125287501231959
46	0.7030224816548024
47	0.6892365003214174
48	0.7021913491043728
49	0.672525266233072
50	0.6966435205627981
51	0.7167143272327129
52	0.7113167946412093
53	0.6870587056731762
54	0.6448576544932099
55	0.7076418278009561
56	0.6308656690414911
57	0.6387292660468064
58	0.6931295978148855
59	0.6824100512573794
60	0.4055342331853122
61	0.6012651102403841
62	0.6726281063559072
63	0.6422358757984192
64	0.6138617852054339
65	0.702130619534059
66	0.7139399168694941
67	0.616258057546014
69	0.5947604953042651
90	0.420188435398699
116	0.38783599529316415
118	0.36025333987280517

[EPOCH LOSSES]
0
1
2
3
4
5
6
7
8
9
10
11
12
13
14
15
16
17
18
19

[SETTINGS]
ROOT_PATH	C:\Program Files\Python311\Lib\site-packages\thehow\dependency_probe
MODEL_NAME	bert_large_uncased
MODEL_PATH	D:\transformers\bert\bert_large_uncased
MODEL_NLAYER	24
NDIM_TOKEN_EMBEDDING	1024
MODEL_CUDA	False
ONSITE_EMBEDDINGS	False
HIDDEN_LAYER	0
ONSITE_PROBES	True
LEARNING_RATE	0.001
PROBE_RANK	64
PROBE_CUDA	False
BATCH_SIZE	200
PROBE_SAVEPATH	C:\Program Files\Python311\Lib\site-packages\thehow\dependency_probe\probes
EPOCHS	20
PROBE_LOSS_POW	2
CONLL_ALIAS	wsj
CONLL_PATH	C:\Program Files\Python311\Lib\site-packages\thehow\dependency_probe\datasets\conll\wsj
TRAIN_CONLL_PATH	C:\Program Files\Python311\Lib\site-packages\thehow\dependency_probe\datasets\conll\wsj\en_wsj-ud-train.conllu
DEV_CONLL_PATH	C:\Program Files\Python311\Lib\site-packages\thehow\dependency_probe\datasets\conll\wsj\en_wsj-ud-dev.conllu
TEST_CONLL_PATH	C:\Program Files\Python311\Lib\site-packages\thehow\dependency_probe\datasets\conll\wsj\en_wsj-ud-test.conllu
DEPD_DIRECTED	False
DATASET_PKL_PATH	C:\Program Files\Python311\Lib\site-packages\thehow\dependency_probe\datasets\pkl
REPORTS_PATH	C:\Program Files\Python311\Lib\site-packages\thehow\dependency_probe\reports
METHOD	pairwisedepd
