[Mean spearmanr for sents of len 5-50]
0.7259865722769936

[UUAS]
0.36080321811941146

[SPEARMANR]
sent_len	mean_spearmanr
2	0.9999999999999998
3	0.8532685848747931
4	0.7399381522749342
5	0.6165583287449498
6	0.6812014053955511
7	0.6732227621048423
8	0.6770687737958855
9	0.7141398262233284
10	0.7148109651426371
11	0.7189451693123643
12	0.7371649331968257
13	0.747250215693593
14	0.7162818596574622
15	0.7331697664022591
16	0.745440880863216
17	0.7452716851529855
18	0.7406853433719651
19	0.7459694795333107
20	0.7405495596455484
21	0.7451878673988866
22	0.7479145928143862
23	0.7422467797081019
24	0.7451204020890778
25	0.7450053780324014
26	0.7324662490149151
27	0.7458575735261004
28	0.7530355503865417
29	0.7495466914170614
30	0.7345695288137052
31	0.7462725078496869
32	0.7443886951589015
33	0.7345896849993158
34	0.75825642984449
35	0.7307858825683219
36	0.7450035929684514
37	0.7375978877791642
38	0.7408052539307409
39	0.7239461316207431
40	0.73471538106369
41	0.7142830834505707
42	0.7256607068509766
43	0.7031313279827885
44	0.7301499679740101
45	0.7349972423618734
46	0.7289367386066551
47	0.6961881092769495
48	0.7087349985038862
49	0.6667437102652154
50	0.7015134242473674
51	0.7587575215456386
52	0.7230458084159689
53	0.7039369897410598
54	0.6656406340531191
55	0.6712216166131548
56	0.6539763777813534
57	0.6487237819368754
58	0.658208857779086
59	0.6532203551611823
60	0.3535623242275277
61	0.5994484697837167
62	0.783230941493888
63	0.6963072474211196
64	0.6076293734791227
65	0.7076871222677279
66	0.6746306731958924
67	0.508739278423325
69	0.5917660237965205
90	0.43621179831220736
116	0.42596645973087527
118	0.4254130606745307

[EPOCH LOSSES]
0
1
2
3
4
5
6
7
8
9
10
11
12
13
14
15
16
17
18
19

[SETTINGS]
ROOT_PATH	C:\Program Files\Python311\Lib\site-packages\thehow\dependency_probe
MODEL_NAME	bert_large_uncased
MODEL_PATH	D:\transformers\bert\bert_large_uncased
MODEL_NLAYER	24
NDIM_TOKEN_EMBEDDING	1024
MODEL_CUDA	False
ONSITE_EMBEDDINGS	False
HIDDEN_LAYER	14
ONSITE_PROBES	True
LEARNING_RATE	0.001
PROBE_RANK	2
PROBE_CUDA	False
BATCH_SIZE	100
PROBE_SAVEPATH	C:\Program Files\Python311\Lib\site-packages\thehow\dependency_probe\probes
EPOCHS	20
PROBE_LOSS_POW	2
CONLL_ALIAS	wsj
CONLL_PATH	C:\Program Files\Python311\Lib\site-packages\thehow\dependency_probe\datasets\conll\wsj
TRAIN_CONLL_PATH	C:\Program Files\Python311\Lib\site-packages\thehow\dependency_probe\datasets\conll\wsj\en_wsj-ud-train.conllu
DEV_CONLL_PATH	C:\Program Files\Python311\Lib\site-packages\thehow\dependency_probe\datasets\conll\wsj\en_wsj-ud-dev.conllu
TEST_CONLL_PATH	C:\Program Files\Python311\Lib\site-packages\thehow\dependency_probe\datasets\conll\wsj\en_wsj-ud-test.conllu
DEPD_DIRECTED	False
DATASET_PKL_PATH	C:\Program Files\Python311\Lib\site-packages\thehow\dependency_probe\datasets\pkl
REPORTS_PATH	C:\Program Files\Python311\Lib\site-packages\thehow\dependency_probe\reports
METHOD	pairwisedepd
