[Mean spearmanr for sents of len 5-50]
0.6793205360016018

[UUAS]
0.3223475656413283

[SPEARMANR]
sent_len	mean_spearmanr
2	0.9999999999999998
3	0.7721875037937119
4	0.6461150709644081
5	0.6167604309502587
6	0.6287596252781597
7	0.6264392645687131
8	0.6226893617198453
9	0.6376175368110568
10	0.6448900376058117
11	0.6611641671538516
12	0.6541019940016536
13	0.6716679229737379
14	0.6444981101483168
15	0.6787245595252136
16	0.6869292758828542
17	0.6703460322419198
18	0.6820415260176641
19	0.6883177238590602
20	0.6846233802057239
21	0.6877837474861443
22	0.6953965379328678
23	0.6892989499031361
24	0.6892230572343565
25	0.691681068944971
26	0.6902047177337349
27	0.6939901695076854
28	0.7064465773624988
29	0.7063475485640274
30	0.6962192249604017
31	0.7090362659141328
32	0.7081459732686508
33	0.7108337897683671
34	0.7222662603781573
35	0.6787931767602846
36	0.7033871927381148
37	0.7000600689954626
38	0.7013558501417785
39	0.6920110488744328
40	0.7040947538012013
41	0.6795044173439037
42	0.6914765651790811
43	0.6823432819135499
44	0.6907856125538945
45	0.7021279432854824
46	0.6930028926920049
47	0.6617275664947726
48	0.6747911585689872
49	0.6439304392850536
50	0.652907849542706
51	0.7360711136723094
52	0.6619552203404393
53	0.7087521208902838
54	0.6257278564732507
55	0.6521986170417714
56	0.6216415656785794
57	0.6242695135506295
58	0.6418391043844413
59	0.6086161910916316
60	0.31795296057384287
61	0.5802064721452025
62	0.7627838089726567
63	0.7125879126190581
64	0.5441467485525922
65	0.6507653111012967
66	0.6193048799079223
67	0.4853797829651203
69	0.5658117080311176
90	0.4044818573924956
116	0.360631873134592
118	0.36459000991851154

[EPOCH LOSSES]
0
1
2
3
4
5
6
7
8
9
10
11
12
13
14
15
16
17
18
19

[SETTINGS]
ROOT_PATH	C:\Program Files\Python311\Lib\site-packages\thehow\dependency_probe
MODEL_NAME	bert_large_uncased
MODEL_PATH	D:\transformers\bert\bert_large_uncased
MODEL_NLAYER	24
NDIM_TOKEN_EMBEDDING	1024
MODEL_CUDA	False
ONSITE_EMBEDDINGS	False
HIDDEN_LAYER	19
ONSITE_PROBES	True
LEARNING_RATE	0.001
PROBE_RANK	2
PROBE_CUDA	False
BATCH_SIZE	100
PROBE_SAVEPATH	C:\Program Files\Python311\Lib\site-packages\thehow\dependency_probe\probes
EPOCHS	20
PROBE_LOSS_POW	2
CONLL_ALIAS	wsj
CONLL_PATH	C:\Program Files\Python311\Lib\site-packages\thehow\dependency_probe\datasets\conll\wsj
TRAIN_CONLL_PATH	C:\Program Files\Python311\Lib\site-packages\thehow\dependency_probe\datasets\conll\wsj\en_wsj-ud-train.conllu
DEV_CONLL_PATH	C:\Program Files\Python311\Lib\site-packages\thehow\dependency_probe\datasets\conll\wsj\en_wsj-ud-dev.conllu
TEST_CONLL_PATH	C:\Program Files\Python311\Lib\site-packages\thehow\dependency_probe\datasets\conll\wsj\en_wsj-ud-test.conllu
DEPD_DIRECTED	False
DATASET_PKL_PATH	C:\Program Files\Python311\Lib\site-packages\thehow\dependency_probe\datasets\pkl
REPORTS_PATH	C:\Program Files\Python311\Lib\site-packages\thehow\dependency_probe\reports
METHOD	pairwisedepd
