[Mean spearmanr for sents of len 5-50]
0.6490526112429492

[UUAS]
0.32281760346297633

[SPEARMANR]
sent_len	mean_spearmanr
2	0.9999999999999998
3	0.817232548838757
4	0.6368967179998217
5	0.5872573915978188
6	0.556358317569481
7	0.5866756151878068
8	0.6057329374119621
9	0.5933240770626917
10	0.6194347719973301
11	0.6296623306932007
12	0.6321764898709132
13	0.6529001237591672
14	0.6224744460682735
15	0.6444308437761959
16	0.6642195844249226
17	0.659020995947807
18	0.6499937505625221
19	0.6587094612537299
20	0.6593395693940479
21	0.6607499530036098
22	0.6749295554232092
23	0.659061460084908
24	0.6599423758432449
25	0.6473050424570782
26	0.6520271185207275
27	0.663754767770492
28	0.6741293116176095
29	0.6646663565696359
30	0.6586766357241391
31	0.6736553590008708
32	0.6690815177025237
33	0.6607384205465752
34	0.6782354509012771
35	0.6483491109272561
36	0.6780495662571167
37	0.6692365935443964
38	0.6659508716428453
39	0.6554364283863364
40	0.6769423922844231
41	0.6512881949478201
42	0.6628654408987682
43	0.6543246713268253
44	0.6797180665025213
45	0.6635797475857045
46	0.6653645016140065
47	0.6539606022948747
48	0.6431809809328349
49	0.6299718812004335
50	0.6395370350857301
51	0.6828414734228127
52	0.6667229030433024
53	0.6306038099727432
54	0.6203557558741393
55	0.6755232490538434
56	0.5826949827169979
57	0.5902938158084009
58	0.6445121670378032
59	0.6376632961113992
60	0.32319694508004454
61	0.5540944411110452
62	0.6879914815009919
63	0.6405278016376947
64	0.5190759865096513
65	0.6537415002625425
66	0.5999680272203403
67	0.52115140712402
69	0.5260377692160119
90	0.36349883011117934
116	0.33302419451271786
118	0.3437833417646782

[EPOCH LOSSES]
0
1
2
3
4
5
6
7
8
9
10
11
12
13
14
15
16
17
18
19

[SETTINGS]
ROOT_PATH	C:\Program Files\Python311\Lib\site-packages\thehow\dependency_probe
MODEL_NAME	bert_large_uncased
MODEL_PATH	D:\transformers\bert\bert_large_uncased
MODEL_NLAYER	24
NDIM_TOKEN_EMBEDDING	1024
MODEL_CUDA	False
ONSITE_EMBEDDINGS	False
HIDDEN_LAYER	6
ONSITE_PROBES	True
LEARNING_RATE	0.001
PROBE_RANK	2
PROBE_CUDA	False
BATCH_SIZE	100
PROBE_SAVEPATH	C:\Program Files\Python311\Lib\site-packages\thehow\dependency_probe\probes
EPOCHS	20
PROBE_LOSS_POW	2
CONLL_ALIAS	wsj
CONLL_PATH	C:\Program Files\Python311\Lib\site-packages\thehow\dependency_probe\datasets\conll\wsj
TRAIN_CONLL_PATH	C:\Program Files\Python311\Lib\site-packages\thehow\dependency_probe\datasets\conll\wsj\en_wsj-ud-train.conllu
DEV_CONLL_PATH	C:\Program Files\Python311\Lib\site-packages\thehow\dependency_probe\datasets\conll\wsj\en_wsj-ud-dev.conllu
TEST_CONLL_PATH	C:\Program Files\Python311\Lib\site-packages\thehow\dependency_probe\datasets\conll\wsj\en_wsj-ud-test.conllu
DEPD_DIRECTED	False
DATASET_PKL_PATH	C:\Program Files\Python311\Lib\site-packages\thehow\dependency_probe\datasets\pkl
REPORTS_PATH	C:\Program Files\Python311\Lib\site-packages\thehow\dependency_probe\reports
METHOD	pairwisedepd
