[Mean spearmanr for sents of len 5-50]
0.5864776330362593

[UUAS]
0.2801862661507182

[SPEARMANR]
sent_len	mean_spearmanr
2	0.9999999999999998
3	0.799214530820739
4	0.6325211886192702
5	0.591110969012526
6	0.588320702722726
7	0.5998597661731192
8	0.5688875523335
9	0.5821831271367631
10	0.5672892131316565
11	0.5808604295562185
12	0.5778655422614283
13	0.5972206941274999
14	0.5818059132691228
15	0.5846121013607298
16	0.5915193054202029
17	0.577107438162016
18	0.5904573273378848
19	0.5898675299325308
20	0.5817117233415949
21	0.5953273189119711
22	0.5869151094750708
23	0.588063736317174
24	0.590604751249146
25	0.5840353191536809
26	0.5909787973268174
27	0.5811429670407646
28	0.5944098933265158
29	0.6013131638266143
30	0.5800075812069595
31	0.6070067582959927
32	0.5968784343695696
33	0.6047821296918956
34	0.6138640784672101
35	0.5778422280354973
36	0.5951849718200064
37	0.581380849199874
38	0.5854914777245043
39	0.5762694676811857
40	0.6000212466844086
41	0.56627894648992
42	0.597842966933732
43	0.5776880541917209
44	0.5881248103853364
45	0.603163890430641
46	0.5970509613498772
47	0.5710987754110509
48	0.5848450163066375
49	0.5530295153301976
50	0.5566485677544415
51	0.5911915955903266
52	0.5585983416140455
53	0.5900223936840313
54	0.5304620573666752
55	0.5724883266133486
56	0.5437671868518545
57	0.5524884176422498
58	0.514266804831056
59	0.5136792075186459
60	0.2964389182725135
61	0.5141712042506112
62	0.5868690767437531
63	0.5697713156531771
64	0.4377905090854214
65	0.5690332178710966
66	0.549270924710816
67	0.42787852257319564
69	0.41034857800235947
90	0.35812680653419426
116	0.305353198658496
118	0.29256433675836907

[EPOCH LOSSES]
0
1
2
3
4
5
6
7
8
9
10
11
12
13
14
15
16
17
18
19

[SETTINGS]
ROOT_PATH	C:\Program Files\Python311\Lib\site-packages\thehow\dependency_probe
MODEL_NAME	bert_large_uncased
MODEL_PATH	D:\transformers\bert\bert_large_uncased
MODEL_NLAYER	24
NDIM_TOKEN_EMBEDDING	1024
MODEL_CUDA	False
ONSITE_EMBEDDINGS	False
HIDDEN_LAYER	21
ONSITE_PROBES	True
LEARNING_RATE	0.001
PROBE_RANK	2
PROBE_CUDA	False
BATCH_SIZE	100
PROBE_SAVEPATH	C:\Program Files\Python311\Lib\site-packages\thehow\dependency_probe\probes
EPOCHS	20
PROBE_LOSS_POW	2
CONLL_ALIAS	wsj
CONLL_PATH	C:\Program Files\Python311\Lib\site-packages\thehow\dependency_probe\datasets\conll\wsj
TRAIN_CONLL_PATH	C:\Program Files\Python311\Lib\site-packages\thehow\dependency_probe\datasets\conll\wsj\en_wsj-ud-train.conllu
DEV_CONLL_PATH	C:\Program Files\Python311\Lib\site-packages\thehow\dependency_probe\datasets\conll\wsj\en_wsj-ud-dev.conllu
TEST_CONLL_PATH	C:\Program Files\Python311\Lib\site-packages\thehow\dependency_probe\datasets\conll\wsj\en_wsj-ud-test.conllu
DEPD_DIRECTED	False
DATASET_PKL_PATH	C:\Program Files\Python311\Lib\site-packages\thehow\dependency_probe\datasets\pkl
REPORTS_PATH	C:\Program Files\Python311\Lib\site-packages\thehow\dependency_probe\reports
METHOD	pairwisedepd
