[Mean spearmanr for sents of len 5-50]
0.6908032238787848

[UUAS]
0.3298681707876959

[SPEARMANR]
sent_len	mean_spearmanr
2	0.9999999999999998
3	0.763178494784703
4	0.6395831269399972
5	0.6217350743719456
6	0.6419890353362259
7	0.6346159984577395
8	0.6310755735245525
9	0.6455194265781523
10	0.6669509615598158
11	0.6759812624629301
12	0.6746080598459708
13	0.6809956633172466
14	0.6600497344564044
15	0.6905688433704213
16	0.7014757682726298
17	0.6918250742221382
18	0.6993095412597975
19	0.7082274372009667
20	0.6963902565719208
21	0.7050517780165789
22	0.7113865302375418
23	0.7017298593060504
24	0.699649751590335
25	0.7058976048609484
26	0.7053678398126161
27	0.7045476967371754
28	0.718432705495808
29	0.7185055246283474
30	0.7085236581870438
31	0.7161418603666041
32	0.7195953219482859
33	0.7184608244296083
34	0.7331931403098764
35	0.6945970528902988
36	0.7129275125610183
37	0.7105373460969627
38	0.7145546745686138
39	0.6992029230827912
40	0.7116215399399172
41	0.6909222326438342
42	0.6993295161693746
43	0.6850572450079699
44	0.7009074858063238
45	0.7106884270473344
46	0.7046065820562145
47	0.671349969129369
48	0.6761179683401314
49	0.6529142746339961
50	0.6538117417142711
51	0.75009036470534
52	0.6717663117993223
53	0.7074728076369892
54	0.6369396168085842
55	0.6682025909429142
56	0.6376198382434113
57	0.6359530278653397
58	0.6530755918292153
59	0.6221558240283988
60	0.3296724662000557
61	0.5808323509794207
62	0.7853494985286009
63	0.7087507753305393
64	0.5540983039940506
65	0.6566463696393783
66	0.6361118654439917
67	0.4817698427919213
69	0.5818067261901765
90	0.4036563828163721
116	0.3569855943484331
118	0.35615438426405166

[EPOCH LOSSES]
0
1
2
3
4
5
6
7
8
9
10
11
12
13
14
15
16
17
18
19

[SETTINGS]
ROOT_PATH	C:\Program Files\Python311\Lib\site-packages\thehow\dependency_probe
MODEL_NAME	bert_large_uncased
MODEL_PATH	D:\transformers\bert\bert_large_uncased
MODEL_NLAYER	24
NDIM_TOKEN_EMBEDDING	1024
MODEL_CUDA	False
ONSITE_EMBEDDINGS	False
HIDDEN_LAYER	18
ONSITE_PROBES	True
LEARNING_RATE	0.001
PROBE_RANK	2
PROBE_CUDA	False
BATCH_SIZE	100
PROBE_SAVEPATH	C:\Program Files\Python311\Lib\site-packages\thehow\dependency_probe\probes
EPOCHS	20
PROBE_LOSS_POW	2
CONLL_ALIAS	wsj
CONLL_PATH	C:\Program Files\Python311\Lib\site-packages\thehow\dependency_probe\datasets\conll\wsj
TRAIN_CONLL_PATH	C:\Program Files\Python311\Lib\site-packages\thehow\dependency_probe\datasets\conll\wsj\en_wsj-ud-train.conllu
DEV_CONLL_PATH	C:\Program Files\Python311\Lib\site-packages\thehow\dependency_probe\datasets\conll\wsj\en_wsj-ud-dev.conllu
TEST_CONLL_PATH	C:\Program Files\Python311\Lib\site-packages\thehow\dependency_probe\datasets\conll\wsj\en_wsj-ud-test.conllu
DEPD_DIRECTED	False
DATASET_PKL_PATH	C:\Program Files\Python311\Lib\site-packages\thehow\dependency_probe\datasets\pkl
REPORTS_PATH	C:\Program Files\Python311\Lib\site-packages\thehow\dependency_probe\reports
METHOD	pairwisedepd
