[Mean spearmanr for sents of len 5-50]
0.5485344033970733

[UUAS]
0.26502481362453817

[SPEARMANR]
sent_len	mean_spearmanr
2	0.9999999999999998
3	0.763178494784703
4	0.6350953286908992
5	0.580495089120786
6	0.5892865772478559
7	0.5732537503802712
8	0.5496333235901659
9	0.5602692738861232
10	0.5509104966774475
11	0.5459146380024755
12	0.542511240354684
13	0.5662198557580442
14	0.5599679354239833
15	0.5367063368424674
16	0.5430909184173627
17	0.5368425778170262
18	0.555695964385075
19	0.5496165162475959
20	0.5479266488639498
21	0.5482677411005105
22	0.5432619485464588
23	0.5479467894747228
24	0.547312930156081
25	0.5378179004016628
26	0.5517451990862392
27	0.5371929334555914
28	0.5504035748004673
29	0.553263962323136
30	0.5365601398890018
31	0.5569822794129953
32	0.5532988022623638
33	0.5625394096320214
34	0.5674424682952116
35	0.529790489293915
36	0.5523977333225145
37	0.5392535364322817
38	0.5418774097749709
39	0.533984370778265
40	0.5580413245229195
41	0.5261560273694867
42	0.5538751990559039
43	0.5338051907590288
44	0.5462239756836194
45	0.5631816764751286
46	0.5545144125511956
47	0.5400699094831347
48	0.5462811072206192
49	0.5141255537792627
50	0.5166274179113465
51	0.5482287366058148
52	0.5249839636733095
53	0.532645026337311
54	0.49045171804968246
55	0.5310616932592025
56	0.5237637706442583
57	0.5088955545444771
58	0.4816469511565792
59	0.4923123103129854
60	0.26820854727710086
61	0.502178287175362
62	0.5300378124521462
63	0.4942655356224825
64	0.41171883131504194
65	0.49795687731696986
66	0.513379838796133
67	0.4271955873958607
69	0.3794304885957523
90	0.35815669647965415
116	0.2868713197239103
118	0.28959925627831423

[EPOCH LOSSES]
0
1
2
3
4
5
6
7
8
9
10
11
12
13
14
15
16
17
18
19

[SETTINGS]
ROOT_PATH	C:\Program Files\Python311\Lib\site-packages\thehow\dependency_probe
MODEL_NAME	bert_large_uncased
MODEL_PATH	D:\transformers\bert\bert_large_uncased
MODEL_NLAYER	24
NDIM_TOKEN_EMBEDDING	1024
MODEL_CUDA	False
ONSITE_EMBEDDINGS	False
HIDDEN_LAYER	23
ONSITE_PROBES	True
LEARNING_RATE	0.001
PROBE_RANK	2
PROBE_CUDA	False
BATCH_SIZE	100
PROBE_SAVEPATH	C:\Program Files\Python311\Lib\site-packages\thehow\dependency_probe\probes
EPOCHS	20
PROBE_LOSS_POW	2
CONLL_ALIAS	wsj
CONLL_PATH	C:\Program Files\Python311\Lib\site-packages\thehow\dependency_probe\datasets\conll\wsj
TRAIN_CONLL_PATH	C:\Program Files\Python311\Lib\site-packages\thehow\dependency_probe\datasets\conll\wsj\en_wsj-ud-train.conllu
DEV_CONLL_PATH	C:\Program Files\Python311\Lib\site-packages\thehow\dependency_probe\datasets\conll\wsj\en_wsj-ud-dev.conllu
TEST_CONLL_PATH	C:\Program Files\Python311\Lib\site-packages\thehow\dependency_probe\datasets\conll\wsj\en_wsj-ud-test.conllu
DEPD_DIRECTED	False
DATASET_PKL_PATH	C:\Program Files\Python311\Lib\site-packages\thehow\dependency_probe\datasets\pkl
REPORTS_PATH	C:\Program Files\Python311\Lib\site-packages\thehow\dependency_probe\reports
METHOD	pairwisedepd
