[Mean spearmanr for sents of len 5-50]
0.6800792586126498

[UUAS]
0.32570341706565226

[SPEARMANR]
sent_len	mean_spearmanr
2	0.9999999999999998
3	0.7766920082982165
4	0.686478992572052
5	0.6034936783042145
6	0.58102390777502
7	0.6023470957387905
8	0.6205708814069356
9	0.6247051342920648
10	0.6624991054232418
11	0.6623567281405549
12	0.6854236067329511
13	0.6956682060003856
14	0.6674199504013528
15	0.6853486249711321
16	0.6987297826576734
17	0.6926424292586335
18	0.6893555777953311
19	0.6905808443967495
20	0.689685787918692
21	0.694729726972282
22	0.7029398367512902
23	0.693024274277939
24	0.6936840766179183
25	0.6847960097027982
26	0.6849257937964577
27	0.6975856533308218
28	0.7066655307272881
29	0.7001295656038425
30	0.6919594134997528
31	0.7029394720355919
32	0.7024116558467973
33	0.6905948252095744
34	0.7155266320172713
35	0.6788328049503312
36	0.709350265346861
37	0.7005554397348988
38	0.6996068971964671
39	0.6856188713921582
40	0.7032393311247788
41	0.6821193539249154
42	0.6911544209386948
43	0.6805865170614722
44	0.6969101112128941
45	0.7000268281319937
46	0.6869735286113345
47	0.6737362944750613
48	0.6731138899776389
49	0.6384303724682496
50	0.6696271620307952
51	0.6951489590477581
52	0.6865889261779347
53	0.647512840883935
54	0.6418648740107215
55	0.6704508408054364
56	0.5945355170319199
57	0.6043273016016615
58	0.6587170689184287
59	0.6426942307548486
60	0.3017008754727672
61	0.5650836096292499
62	0.6878836186042976
63	0.6278791601040157
64	0.5515203297368201
65	0.6695791257708732
66	0.6166737373818701
67	0.5141309585584287
69	0.540696383226028
90	0.39144286521659627
116	0.3714376480221694
118	0.37643503221059754

[EPOCH LOSSES]
0
1
2
3
4
5
6
7
8
9
10
11
12
13
14
15
16
17
18
19

[SETTINGS]
ROOT_PATH	C:\Program Files\Python311\Lib\site-packages\thehow\dependency_probe
MODEL_NAME	bert_large_uncased
MODEL_PATH	D:\transformers\bert\bert_large_uncased
MODEL_NLAYER	24
NDIM_TOKEN_EMBEDDING	1024
MODEL_CUDA	False
ONSITE_EMBEDDINGS	False
HIDDEN_LAYER	9
ONSITE_PROBES	True
LEARNING_RATE	0.001
PROBE_RANK	2
PROBE_CUDA	False
BATCH_SIZE	100
PROBE_SAVEPATH	C:\Program Files\Python311\Lib\site-packages\thehow\dependency_probe\probes
EPOCHS	20
PROBE_LOSS_POW	2
CONLL_ALIAS	wsj
CONLL_PATH	C:\Program Files\Python311\Lib\site-packages\thehow\dependency_probe\datasets\conll\wsj
TRAIN_CONLL_PATH	C:\Program Files\Python311\Lib\site-packages\thehow\dependency_probe\datasets\conll\wsj\en_wsj-ud-train.conllu
DEV_CONLL_PATH	C:\Program Files\Python311\Lib\site-packages\thehow\dependency_probe\datasets\conll\wsj\en_wsj-ud-dev.conllu
TEST_CONLL_PATH	C:\Program Files\Python311\Lib\site-packages\thehow\dependency_probe\datasets\conll\wsj\en_wsj-ud-test.conllu
DEPD_DIRECTED	False
DATASET_PKL_PATH	C:\Program Files\Python311\Lib\site-packages\thehow\dependency_probe\datasets\pkl
REPORTS_PATH	C:\Program Files\Python311\Lib\site-packages\thehow\dependency_probe\reports
METHOD	pairwisedepd
