[Mean spearmanr for sents of len 5-50]
0.6680988789200931

[UUAS]
0.3148816160556175

[SPEARMANR]
sent_len	mean_spearmanr
2	0.9999999999999998
3	0.7766920082982165
4	0.6585184771190697
5	0.5981962272874817
6	0.626663638140036
7	0.6206950991123716
8	0.6017204264938659
9	0.6367731941097129
10	0.6235217281607335
11	0.6449379387284634
12	0.6351036440855647
13	0.6610943191751701
14	0.6390352843161728
15	0.6670781964515439
16	0.670678429049283
17	0.652647871238221
18	0.6649984569531782
19	0.6740679516272954
20	0.6695345805925816
21	0.6743333855667494
22	0.6790330421331251
23	0.6775823452658796
24	0.6767118067385978
25	0.6806359836832674
26	0.6794703866368755
27	0.6820285548566299
28	0.6935375368328739
29	0.6953221634003297
30	0.6825484272784058
31	0.6977751125841524
32	0.6947802295348174
33	0.7008136618546825
34	0.7087230049166171
35	0.6719631732507025
36	0.6898976535452945
37	0.6874207496724949
38	0.6872688136125958
39	0.6789922736151269
40	0.6929675779628519
41	0.6687514864812142
42	0.6838865157452583
43	0.6743028177793224
44	0.6907311977133036
45	0.6935241313352153
46	0.6869307229040118
47	0.6546231436284933
48	0.6679120479081418
49	0.6383053353817189
50	0.655028162983852
51	0.7349514749448931
52	0.652490354263121
53	0.6902244577175959
54	0.618172679672584
55	0.6640142752890548
56	0.611403262542843
57	0.6181162223453753
58	0.619684970612011
59	0.603291957400848
60	0.31411621928602407
61	0.5744066350508262
62	0.7429051233178956
63	0.6949254006226602
64	0.5365349456196025
65	0.6533306064303708
66	0.6491226413118966
67	0.476147440324714
69	0.5508773066094682
90	0.4098527425158062
116	0.3457186900054196
118	0.3648693274772158

[EPOCH LOSSES]
0
1
2
3
4
5
6
7
8
9
10
11
12
13
14
15
16
17
18
19

[SETTINGS]
ROOT_PATH	C:\Program Files\Python311\Lib\site-packages\thehow\dependency_probe
MODEL_NAME	bert_large_uncased
MODEL_PATH	D:\transformers\bert\bert_large_uncased
MODEL_NLAYER	24
NDIM_TOKEN_EMBEDDING	1024
MODEL_CUDA	False
ONSITE_EMBEDDINGS	False
HIDDEN_LAYER	20
ONSITE_PROBES	True
LEARNING_RATE	0.001
PROBE_RANK	2
PROBE_CUDA	False
BATCH_SIZE	100
PROBE_SAVEPATH	C:\Program Files\Python311\Lib\site-packages\thehow\dependency_probe\probes
EPOCHS	20
PROBE_LOSS_POW	2
CONLL_ALIAS	wsj
CONLL_PATH	C:\Program Files\Python311\Lib\site-packages\thehow\dependency_probe\datasets\conll\wsj
TRAIN_CONLL_PATH	C:\Program Files\Python311\Lib\site-packages\thehow\dependency_probe\datasets\conll\wsj\en_wsj-ud-train.conllu
DEV_CONLL_PATH	C:\Program Files\Python311\Lib\site-packages\thehow\dependency_probe\datasets\conll\wsj\en_wsj-ud-dev.conllu
TEST_CONLL_PATH	C:\Program Files\Python311\Lib\site-packages\thehow\dependency_probe\datasets\conll\wsj\en_wsj-ud-test.conllu
DEPD_DIRECTED	False
DATASET_PKL_PATH	C:\Program Files\Python311\Lib\site-packages\thehow\dependency_probe\datasets\pkl
REPORTS_PATH	C:\Program Files\Python311\Lib\site-packages\thehow\dependency_probe\reports
METHOD	pairwisedepd
