[Mean spearmanr for sents of len 5-50]
0.6187486231219986

[UUAS]
0.37098008351369666

[SPEARMANR]
sent_len	mean_spearmanr
2	0.9999999999999998
3	0.8217370533432615
4	0.6609803483221522
5	0.5574296228443143
6	0.501982474605332
7	0.5451613544144529
8	0.5232647171504454
9	0.5508842837726017
10	0.5827483128595172
11	0.5744993562665177
12	0.6082154143971837
13	0.6037705986116514
14	0.5998383247414059
15	0.6315337512178992
16	0.6310031894274496
17	0.6331426961198088
18	0.6350297560272194
19	0.6457220056842093
20	0.6438881676901342
21	0.6378329701634381
22	0.6510879866492446
23	0.6553822593441345
24	0.6506114631836344
25	0.634844182122704
26	0.6406889290938127
27	0.6516452136265493
28	0.6662906046609108
29	0.6527927808291175
30	0.6494136175503111
31	0.6641859946815539
32	0.6482226492770582
33	0.6456228758850248
34	0.6594630665548552
35	0.6286199999842611
36	0.6562139010826864
37	0.6528004017989418
38	0.6309514933920923
39	0.6283063291848261
40	0.634804749600192
41	0.6129538739233694
42	0.6326738428240626
43	0.6118473284570127
44	0.6313178234951679
45	0.6315971026803205
46	0.6053675797592707
47	0.59526412664455
48	0.5959483380509246
49	0.5502617835546264
50	0.5873093697271407
51	0.5829361993597336
52	0.5885083487814649
53	0.5697059503271282
54	0.4802357903839009
55	0.5068168960165533
56	0.48410135134268323
57	0.43802979879371884
58	0.43430309608730217
59	0.4844202265518635
60	0.0497117721185553
61	0.447863695605383
62	0.5227736107991323
63	0.4749768580636009
64	0.3978099051101673
65	0.517105757741252
66	0.5610055944701339
67	0.1979207237862731
69	0.1683313124091277
90	0.05865683114960098
116	0.10049112762549942
118	0.15272569222076596

[EPOCH LOSSES]
0
1
2
3
4
5
6
7
8
9
10
11
12
13
14
15
16
17
18
19

[SETTINGS]
ROOT_PATH	C:\Program Files\Python311\Lib\site-packages\thehow\dependency_probe
MODEL_NAME	bert_large_uncased
MODEL_PATH	D:\transformers\bert\bert_large_uncased
MODEL_NLAYER	24
NDIM_TOKEN_EMBEDDING	1024
MODEL_CUDA	False
ONSITE_EMBEDDINGS	False
HIDDEN_LAYER	0
ONSITE_PROBES	True
LEARNING_RATE	0.001
PROBE_RANK	2
PROBE_CUDA	False
BATCH_SIZE	100
PROBE_SAVEPATH	C:\Program Files\Python311\Lib\site-packages\thehow\dependency_probe\probes
EPOCHS	20
PROBE_LOSS_POW	2
CONLL_ALIAS	wsj
CONLL_PATH	C:\Program Files\Python311\Lib\site-packages\thehow\dependency_probe\datasets\conll\wsj
TRAIN_CONLL_PATH	C:\Program Files\Python311\Lib\site-packages\thehow\dependency_probe\datasets\conll\wsj\en_wsj-ud-train.conllu
DEV_CONLL_PATH	C:\Program Files\Python311\Lib\site-packages\thehow\dependency_probe\datasets\conll\wsj\en_wsj-ud-dev.conllu
TEST_CONLL_PATH	C:\Program Files\Python311\Lib\site-packages\thehow\dependency_probe\datasets\conll\wsj\en_wsj-ud-test.conllu
DEPD_DIRECTED	False
DATASET_PKL_PATH	C:\Program Files\Python311\Lib\site-packages\thehow\dependency_probe\datasets\pkl
REPORTS_PATH	C:\Program Files\Python311\Lib\site-packages\thehow\dependency_probe\reports
METHOD	pairwisedepd
