[Mean spearmanr for sents of len 5-50]
0.6495528982872112

[UUAS]
0.3175050829671411

[SPEARMANR]
sent_len	mean_spearmanr
2	0.9999999999999998
3	0.8127280443342525
4	0.6632803818809746
5	0.6100179909544065
6	0.5561890269731244
7	0.5787698345013128
8	0.6057581233781791
9	0.5949596263605755
10	0.620583220308358
11	0.6153971567319823
12	0.6235508929118639
13	0.6548942223152928
14	0.6251616014276827
15	0.6372372880476134
16	0.6620689596048499
17	0.657078073723325
18	0.6488037996894143
19	0.6574464210856436
20	0.6605406699640215
21	0.662607112264591
22	0.6751026948669183
23	0.6595143502261005
24	0.6607103521020649
25	0.6497718847221554
26	0.6518798109311239
27	0.6669009296248295
28	0.6754373075790308
29	0.6666520116998796
30	0.6614601180765448
31	0.6743156708522664
32	0.6717464630377792
33	0.6613990367762664
34	0.6822658026334424
35	0.6475469570421417
36	0.678878350184555
37	0.6700578867561499
38	0.6667037274960566
39	0.6562888734329687
40	0.6817917426122154
41	0.6562295920966739
42	0.6665810707075457
43	0.6529486223712366
44	0.6767035571739696
45	0.6622176305216602
46	0.6675591048918269
47	0.6572603298053694
48	0.6439916242243904
49	0.631542878284797
50	0.6349109202395186
51	0.6809442210570291
52	0.6623401129524791
53	0.6314324446102898
54	0.622355113874904
55	0.6765731738800153
56	0.5937339617591918
57	0.5961749397128783
58	0.6453058818368476
59	0.6409344463184734
60	0.333567547926994
61	0.5552535815460251
62	0.6960816523646123
63	0.6600138811283082
64	0.5247479232758598
65	0.6716011953915089
66	0.5993682213878944
67	0.4979173294965942
69	0.5274076137119323
90	0.39773252223257954
116	0.35971921743114305
118	0.3624868092032958

[EPOCH LOSSES]
0
1
2
3
4
5
6
7
8
9
10
11
12
13
14
15
16
17
18
19

[SETTINGS]
ROOT_PATH	C:\Program Files\Python311\Lib\site-packages\thehow\dependency_probe
MODEL_NAME	bert_large_uncased
MODEL_PATH	D:\transformers\bert\bert_large_uncased
MODEL_NLAYER	24
NDIM_TOKEN_EMBEDDING	1024
MODEL_CUDA	False
ONSITE_EMBEDDINGS	False
HIDDEN_LAYER	7
ONSITE_PROBES	True
LEARNING_RATE	0.001
PROBE_RANK	2
PROBE_CUDA	False
BATCH_SIZE	100
PROBE_SAVEPATH	C:\Program Files\Python311\Lib\site-packages\thehow\dependency_probe\probes
EPOCHS	20
PROBE_LOSS_POW	2
CONLL_ALIAS	wsj
CONLL_PATH	C:\Program Files\Python311\Lib\site-packages\thehow\dependency_probe\datasets\conll\wsj
TRAIN_CONLL_PATH	C:\Program Files\Python311\Lib\site-packages\thehow\dependency_probe\datasets\conll\wsj\en_wsj-ud-train.conllu
DEV_CONLL_PATH	C:\Program Files\Python311\Lib\site-packages\thehow\dependency_probe\datasets\conll\wsj\en_wsj-ud-dev.conllu
TEST_CONLL_PATH	C:\Program Files\Python311\Lib\site-packages\thehow\dependency_probe\datasets\conll\wsj\en_wsj-ud-test.conllu
DEPD_DIRECTED	False
DATASET_PKL_PATH	C:\Program Files\Python311\Lib\site-packages\thehow\dependency_probe\datasets\pkl
REPORTS_PATH	C:\Program Files\Python311\Lib\site-packages\thehow\dependency_probe\reports
METHOD	pairwisedepd
