[Mean spearmanr for sents of len 5-50]
0.6607772029491717

[UUAS]
0.3262390415600883

[SPEARMANR]
sent_len	mean_spearmanr
2	0.9999999999999998
3	0.8487640803702885
4	0.6736892110360371
5	0.5649466026164673
6	0.5832679576992751
7	0.5770535612234146
8	0.5982171456574167
9	0.6111062187494442
10	0.6223012578902114
11	0.629566781113388
12	0.6341855288890992
13	0.6518712825183347
14	0.6341383114386693
15	0.6555889378932466
16	0.6711778292000466
17	0.668938298780009
18	0.6624502981586834
19	0.6714562232883012
20	0.671839559512483
21	0.6702123906661961
22	0.6831782742291976
23	0.6712162003489305
24	0.6723968459864469
25	0.6608604852153102
26	0.6611931283373765
27	0.6785019725150909
28	0.6859419756546565
29	0.6819283758850764
30	0.6749526002971576
31	0.6885163595349643
32	0.6841355214779904
33	0.6747498501361712
34	0.6979545129239276
35	0.6652233088135835
36	0.6969423417652955
37	0.6862584575210435
38	0.6801306658591924
39	0.6667928537630186
40	0.6920904507021811
41	0.6664544400038427
42	0.6793275659723226
43	0.671849069441821
44	0.6948836537957671
45	0.6840765628147377
46	0.6832262293427096
47	0.6688602976974594
48	0.6664788341095187
49	0.6461014663107034
50	0.653210849911722
51	0.6959892968955093
52	0.6855888641773489
53	0.654394134752433
54	0.638814245268247
55	0.7047760961307064
56	0.6057381007398093
57	0.6043899728804353
58	0.676481148403769
59	0.6575083813742809
60	0.3319115472240578
61	0.5719214171976914
62	0.7111362507594955
63	0.6395754870445848
64	0.5409711827946972
65	0.6922061000337134
66	0.6309979237058242
67	0.5459440844758405
69	0.5353737497392169
90	0.36658296017580383
116	0.31724416828743435
118	0.35687142012474943

[EPOCH LOSSES]
0
1
2
3
4
5
6
7
8
9
10
11
12
13
14
15
16
17
18
19

[SETTINGS]
ROOT_PATH	C:\Program Files\Python311\Lib\site-packages\thehow\dependency_probe
MODEL_NAME	bert_large_uncased
MODEL_PATH	D:\transformers\bert\bert_large_uncased
MODEL_NLAYER	24
NDIM_TOKEN_EMBEDDING	1024
MODEL_CUDA	False
ONSITE_EMBEDDINGS	False
HIDDEN_LAYER	5
ONSITE_PROBES	True
LEARNING_RATE	0.001
PROBE_RANK	2
PROBE_CUDA	False
BATCH_SIZE	100
PROBE_SAVEPATH	C:\Program Files\Python311\Lib\site-packages\thehow\dependency_probe\probes
EPOCHS	20
PROBE_LOSS_POW	2
CONLL_ALIAS	wsj
CONLL_PATH	C:\Program Files\Python311\Lib\site-packages\thehow\dependency_probe\datasets\conll\wsj
TRAIN_CONLL_PATH	C:\Program Files\Python311\Lib\site-packages\thehow\dependency_probe\datasets\conll\wsj\en_wsj-ud-train.conllu
DEV_CONLL_PATH	C:\Program Files\Python311\Lib\site-packages\thehow\dependency_probe\datasets\conll\wsj\en_wsj-ud-dev.conllu
TEST_CONLL_PATH	C:\Program Files\Python311\Lib\site-packages\thehow\dependency_probe\datasets\conll\wsj\en_wsj-ud-test.conllu
DEPD_DIRECTED	False
DATASET_PKL_PATH	C:\Program Files\Python311\Lib\site-packages\thehow\dependency_probe\datasets\pkl
REPORTS_PATH	C:\Program Files\Python311\Lib\site-packages\thehow\dependency_probe\reports
METHOD	pairwisedepd
