[Mean spearmanr for sents of len 5-50]
0.6343116259701974

[UUAS]
0.34657091012439606

[SPEARMANR]
sent_len	mean_spearmanr
2	0.9999999999999998
3	0.8487640803702885
4	0.6904367965248339
5	0.5361054843222051
6	0.5684832862833746
7	0.5342305210949508
8	0.5543381799949724
9	0.5451543343194459
10	0.5935950896425967
11	0.5921279834474189
12	0.6218277897300457
13	0.626898772018868
14	0.617850287825403
15	0.6523843938200808
16	0.6638708194924589
17	0.6637602602432787
18	0.6597413293563469
19	0.66169548781815
20	0.6620573413363104
21	0.6522897160236881
22	0.6674574548011393
23	0.6693439362997888
24	0.6620335763788028
25	0.6440922138996723
26	0.6516374632943083
27	0.6617745346549496
28	0.6768350918891783
29	0.6664176369494926
30	0.6618206167018664
31	0.6700354911210845
32	0.6564262506726097
33	0.653312065333581
34	0.6705722597717763
35	0.638504331144885
36	0.6676294162463634
37	0.6607836117818764
38	0.639210130849921
39	0.6295775658363765
40	0.6508252768291184
41	0.6292710606188294
42	0.6465749161485316
43	0.629067480330803
44	0.6551944946178235
45	0.6580971951919679
46	0.6314543573715433
47	0.6229591462892828
48	0.6234178147053288
49	0.5532261845118817
50	0.6243721436167061
51	0.6043039198308783
52	0.6308842283796069
53	0.534181064748503
54	0.5112696945453943
55	0.5610101652101255
56	0.4709002578756983
57	0.49664684117619123
58	0.44436622993057234
59	0.45840146402984894
60	0.17568170617161136
61	0.43544256340516707
62	0.4067810402561394
63	0.4027972844005895
64	0.32162020535157676
65	0.4202199531634564
66	0.534074659376717
67	0.3559139712335622
69	0.34471602110159333
90	0.2851550229630939
116	0.20743084615182644
118	0.16816818517119445

[EPOCH LOSSES]
0
1
2
3
4
5
6
7
8
9
10
11
12
13
14
15
16
17
18
19

[SETTINGS]
ROOT_PATH	C:\Program Files\Python311\Lib\site-packages\thehow\dependency_probe
MODEL_NAME	bert_large_uncased
MODEL_PATH	D:\transformers\bert\bert_large_uncased
MODEL_NLAYER	24
NDIM_TOKEN_EMBEDDING	1024
MODEL_CUDA	False
ONSITE_EMBEDDINGS	False
HIDDEN_LAYER	2
ONSITE_PROBES	True
LEARNING_RATE	0.001
PROBE_RANK	2
PROBE_CUDA	False
BATCH_SIZE	100
PROBE_SAVEPATH	C:\Program Files\Python311\Lib\site-packages\thehow\dependency_probe\probes
EPOCHS	20
PROBE_LOSS_POW	2
CONLL_ALIAS	wsj
CONLL_PATH	C:\Program Files\Python311\Lib\site-packages\thehow\dependency_probe\datasets\conll\wsj
TRAIN_CONLL_PATH	C:\Program Files\Python311\Lib\site-packages\thehow\dependency_probe\datasets\conll\wsj\en_wsj-ud-train.conllu
DEV_CONLL_PATH	C:\Program Files\Python311\Lib\site-packages\thehow\dependency_probe\datasets\conll\wsj\en_wsj-ud-dev.conllu
TEST_CONLL_PATH	C:\Program Files\Python311\Lib\site-packages\thehow\dependency_probe\datasets\conll\wsj\en_wsj-ud-test.conllu
DEPD_DIRECTED	False
DATASET_PKL_PATH	C:\Program Files\Python311\Lib\site-packages\thehow\dependency_probe\datasets\pkl
REPORTS_PATH	C:\Program Files\Python311\Lib\site-packages\thehow\dependency_probe\reports
METHOD	pairwisedepd
