[Mean spearmanr for sents of len 5-50]
0.5627269191517167

[UUAS]
0.26899280732821756

[SPEARMANR]
sent_len	mean_spearmanr
2	0.9999999999999998
3	0.7676829992892075
4	0.6349021410002226
5	0.5953002452089395
6	0.5485623224152966
7	0.5423529167154919
8	0.5716913953774992
9	0.5430362434672411
10	0.5523712993345467
11	0.5564518033312902
12	0.5438848433837927
13	0.5604472532258943
14	0.5416886179263855
15	0.5474913161892795
16	0.5634595474457662
17	0.5472682732256196
18	0.5548774052718178
19	0.5635183815635985
20	0.5667253631428899
21	0.5609614000405401
22	0.5669064384909807
23	0.5636731969489536
24	0.565562260226818
25	0.5554880408184097
26	0.5639493946656273
27	0.5628831217572428
28	0.5683061864587311
29	0.5774949624290064
30	0.5602349372599909
31	0.5855756702919372
32	0.5808823303668362
33	0.5876460187872143
34	0.5852901518728268
35	0.557242696523837
36	0.5785371931858607
37	0.5555614956488818
38	0.5561479198264985
39	0.569668803503202
40	0.575049400835915
41	0.5709747597071333
42	0.5804403741896521
43	0.5602937899536451
44	0.5699938289477431
45	0.5849685742801984
46	0.5725783065783278
47	0.5497827574647935
48	0.5490098086820103
49	0.5304507286704575
50	0.5407565053403415
51	0.5993225602656964
52	0.5608721629953395
53	0.5879530301991545
54	0.5069682832664633
55	0.5528681328522953
56	0.5495932315954064
57	0.537257971593573
58	0.5280440603298556
59	0.5327988956469139
60	0.27635684954554585
61	0.48980930817032253
62	0.6390374835669796
63	0.5644041586117248
64	0.44801699111524074
65	0.5633391132154926
66	0.5271884571173174
67	0.3887108039590757
69	0.4777549505419661
90	0.3992758977145582
116	0.29785010345134116
118	0.32589934825560424

[EPOCH LOSSES]
0
1
2
3
4
5
6
7
8
9
10
11
12
13
14
15
16
17
18
19

[SETTINGS]
ROOT_PATH	C:\Program Files\Python311\Lib\site-packages\thehow\dependency_probe
MODEL_NAME	bert_large_uncased
MODEL_PATH	D:\transformers\bert\bert_large_uncased
MODEL_NLAYER	24
NDIM_TOKEN_EMBEDDING	1024
MODEL_CUDA	False
ONSITE_EMBEDDINGS	False
HIDDEN_LAYER	22
ONSITE_PROBES	True
LEARNING_RATE	0.001
PROBE_RANK	2
PROBE_CUDA	False
BATCH_SIZE	100
PROBE_SAVEPATH	C:\Program Files\Python311\Lib\site-packages\thehow\dependency_probe\probes
EPOCHS	20
PROBE_LOSS_POW	2
CONLL_ALIAS	wsj
CONLL_PATH	C:\Program Files\Python311\Lib\site-packages\thehow\dependency_probe\datasets\conll\wsj
TRAIN_CONLL_PATH	C:\Program Files\Python311\Lib\site-packages\thehow\dependency_probe\datasets\conll\wsj\en_wsj-ud-train.conllu
DEV_CONLL_PATH	C:\Program Files\Python311\Lib\site-packages\thehow\dependency_probe\datasets\conll\wsj\en_wsj-ud-dev.conllu
TEST_CONLL_PATH	C:\Program Files\Python311\Lib\site-packages\thehow\dependency_probe\datasets\conll\wsj\en_wsj-ud-test.conllu
DEPD_DIRECTED	False
DATASET_PKL_PATH	C:\Program Files\Python311\Lib\site-packages\thehow\dependency_probe\datasets\pkl
REPORTS_PATH	C:\Program Files\Python311\Lib\site-packages\thehow\dependency_probe\reports
METHOD	pairwisedepd
