[Mean spearmanr for sents of len 5-50]
0.6338818874964136

[UUAS]
0.35707570888262175

[SPEARMANR]
sent_len	mean_spearmanr
2	0.9999999999999998
3	0.826241557847766
4	0.6468069029049845
5	0.4916139463228048
6	0.5516458287384942
7	0.5304937572291203
8	0.5358203937841229
9	0.5553679207410165
10	0.6077617805734307
11	0.6034118834537897
12	0.6410808122296702
13	0.6349309166137127
14	0.6250656994681115
15	0.6512173087840475
16	0.6605988245881024
17	0.6572370496214893
18	0.6552519416872279
19	0.6593404301565732
20	0.6548226626919235
21	0.6516227816471313
22	0.6652039840647855
23	0.6675595151337687
24	0.661957270735166
25	0.6461075549218306
26	0.6504702878819275
27	0.662781561050528
28	0.6792432354742097
29	0.6643997614140023
30	0.6624503985632579
31	0.6753376498601589
32	0.6616646334577871
33	0.6566610703277885
34	0.6737918742997092
35	0.6418290257836312
36	0.6718737534342653
37	0.663881580825328
38	0.646391307533578
39	0.6334666476045389
40	0.6528798146899198
41	0.6297163043825781
42	0.6451391789180603
43	0.6253670551759679
44	0.6530971819325945
45	0.6542140826356116
46	0.628641704856122
47	0.6192631953049219
48	0.6152313219916902
49	0.5665562512886098
50	0.6161056829619203
51	0.6128194592123577
52	0.6323201816954259
53	0.5561145025218541
54	0.538632634286809
55	0.5732282776499472
56	0.4818740431053356
57	0.4982843405254636
58	0.45658845510426144
59	0.4924441957198222
60	0.11891144702775995
61	0.4409148088821051
62	0.44605704006671776
63	0.4725737794405894
64	0.3785524167377171
65	0.4876641072647835
66	0.6093757022594438
67	0.28235264722986214
69	0.29490283509236387
90	0.21577673312928583
116	0.1549706426521856
118	0.16019032845132317

[EPOCH LOSSES]
0
1
2
3
4
5
6
7
8
9
10
11
12
13
14
15
16
17
18
19

[SETTINGS]
ROOT_PATH	C:\Program Files\Python311\Lib\site-packages\thehow\dependency_probe
MODEL_NAME	bert_large_uncased
MODEL_PATH	D:\transformers\bert\bert_large_uncased
MODEL_NLAYER	24
NDIM_TOKEN_EMBEDDING	1024
MODEL_CUDA	False
ONSITE_EMBEDDINGS	False
HIDDEN_LAYER	1
ONSITE_PROBES	True
LEARNING_RATE	0.001
PROBE_RANK	2
PROBE_CUDA	False
BATCH_SIZE	100
PROBE_SAVEPATH	C:\Program Files\Python311\Lib\site-packages\thehow\dependency_probe\probes
EPOCHS	20
PROBE_LOSS_POW	2
CONLL_ALIAS	wsj
CONLL_PATH	C:\Program Files\Python311\Lib\site-packages\thehow\dependency_probe\datasets\conll\wsj
TRAIN_CONLL_PATH	C:\Program Files\Python311\Lib\site-packages\thehow\dependency_probe\datasets\conll\wsj\en_wsj-ud-train.conllu
DEV_CONLL_PATH	C:\Program Files\Python311\Lib\site-packages\thehow\dependency_probe\datasets\conll\wsj\en_wsj-ud-dev.conllu
TEST_CONLL_PATH	C:\Program Files\Python311\Lib\site-packages\thehow\dependency_probe\datasets\conll\wsj\en_wsj-ud-test.conllu
DEPD_DIRECTED	False
DATASET_PKL_PATH	C:\Program Files\Python311\Lib\site-packages\thehow\dependency_probe\datasets\pkl
REPORTS_PATH	C:\Program Files\Python311\Lib\site-packages\thehow\dependency_probe\reports
METHOD	pairwisedepd
