[Mean spearmanr for sents of len 5-50]
0.6879571446033933

[UUAS]
0.33620821582387794

[SPEARMANR]
sent_len	mean_spearmanr
2	0.9999999999999998
3	0.754169485775694
4	0.6817170878101473
5	0.5855500265233662
6	0.5943775393774684
7	0.6212073464438838
8	0.6536658735235072
9	0.6515630804089736
10	0.660632692049395
11	0.6796851195692308
12	0.7094261299064574
13	0.710918341565511
14	0.6729966928612665
15	0.6924616254159586
16	0.7132751644383146
17	0.702427696343003
18	0.6997879027506061
19	0.7024587445037793
20	0.6977926957116497
21	0.7074741295871436
22	0.7076774827169153
23	0.7043138823007506
24	0.7022114310624307
25	0.6935457014953944
26	0.6934176950093991
27	0.7067050722444809
28	0.714470929106386
29	0.7101305319878968
30	0.697242063976313
31	0.7090718519083546
32	0.711974641102033
33	0.6980371900923769
34	0.7198234017242311
35	0.6841009940985939
36	0.7140512303005313
37	0.706449178189036
38	0.7067940417425104
39	0.6908198125944547
40	0.7060567949628052
41	0.6865971039290502
42	0.6934018072598499
43	0.6881825162059423
44	0.6999024027983359
45	0.7012243254447272
46	0.6881463386126654
47	0.6709687140941698
48	0.6735877089966991
49	0.6346639041697064
50	0.6767591026505403
51	0.7001833503437448
52	0.6924282963703132
53	0.6513478281100435
54	0.6370439341560397
55	0.6685503593015516
56	0.5896014304667774
57	0.5981304085584105
58	0.6428345010829312
59	0.6347913669784436
60	0.27962378449518044
61	0.5644334070110936
62	0.68963590646461
63	0.6245070485554853
64	0.5462125177503123
65	0.6578897409524309
66	0.6122077320497804
67	0.5076767074361664
69	0.5372092426192175
90	0.3847237112573109
116	0.3797892029736476
118	0.36442046761005564

[EPOCH LOSSES]
0
1
2
3
4
5
6
7
8
9
10
11
12
13
14
15
16
17
18
19

[SETTINGS]
ROOT_PATH	C:\Program Files\Python311\Lib\site-packages\thehow\dependency_probe
MODEL_NAME	bert_large_uncased
MODEL_PATH	D:\transformers\bert\bert_large_uncased
MODEL_NLAYER	24
NDIM_TOKEN_EMBEDDING	1024
MODEL_CUDA	False
ONSITE_EMBEDDINGS	False
HIDDEN_LAYER	10
ONSITE_PROBES	True
LEARNING_RATE	0.001
PROBE_RANK	2
PROBE_CUDA	False
BATCH_SIZE	100
PROBE_SAVEPATH	C:\Program Files\Python311\Lib\site-packages\thehow\dependency_probe\probes
EPOCHS	20
PROBE_LOSS_POW	2
CONLL_ALIAS	wsj
CONLL_PATH	C:\Program Files\Python311\Lib\site-packages\thehow\dependency_probe\datasets\conll\wsj
TRAIN_CONLL_PATH	C:\Program Files\Python311\Lib\site-packages\thehow\dependency_probe\datasets\conll\wsj\en_wsj-ud-train.conllu
DEV_CONLL_PATH	C:\Program Files\Python311\Lib\site-packages\thehow\dependency_probe\datasets\conll\wsj\en_wsj-ud-dev.conllu
TEST_CONLL_PATH	C:\Program Files\Python311\Lib\site-packages\thehow\dependency_probe\datasets\conll\wsj\en_wsj-ud-test.conllu
DEPD_DIRECTED	False
DATASET_PKL_PATH	C:\Program Files\Python311\Lib\site-packages\thehow\dependency_probe\datasets\pkl
REPORTS_PATH	C:\Program Files\Python311\Lib\site-packages\thehow\dependency_probe\reports
METHOD	pairwisedepd
