[Mean spearmanr for sents of len 5-50]
0.6677220853712122

[UUAS]
0.3115039024070309

[SPEARMANR]
sent_len	mean_spearmanr
2	0.9999999999999998
3	0.808223539829748
4	0.6610926171906988
5	0.6107519805257982
6	0.5880501611545721
7	0.5923196708557464
8	0.6220847978304214
9	0.6139662021553165
10	0.6319624175950985
11	0.6452270939304667
12	0.6662520633014893
13	0.6871715443344977
14	0.6549413747934419
15	0.6716052962785332
16	0.6864043368815103
17	0.6770874594075696
18	0.6738217253228601
19	0.6715619663760365
20	0.6740051187139204
21	0.6784286466108655
22	0.6865765206416958
23	0.6758106428283442
24	0.6757164222682296
25	0.6679887737047661
26	0.6658078435643826
27	0.678055972947941
28	0.691887276520805
29	0.6813410485386552
30	0.675367400468848
31	0.6909172318091268
32	0.6885698936632698
33	0.6780979821536456
34	0.6966554495939623
35	0.6670093918223433
36	0.6950445013968223
37	0.6861542099016308
38	0.6879815676366664
39	0.6706000209657319
40	0.6963414546785844
41	0.6749403138248986
42	0.681845590623133
43	0.669760514591363
44	0.6922650003654724
45	0.6902539082215454
46	0.6775863404726282
47	0.6749079501550646
48	0.6570308343400374
49	0.6345056968078451
50	0.6605543165001795
51	0.69699289683575
52	0.6768705159504633
53	0.6380338701900151
54	0.6399530331393133
55	0.6743164494205484
56	0.6036817674092467
57	0.5950415869238227
58	0.6539019899639359
59	0.6477400689708558
60	0.31835216832062524
61	0.570592650200758
62	0.7174762628416791
63	0.6248485895368641
64	0.5445300471036854
65	0.6774483523677688
66	0.6056156418810308
67	0.48903152292184254
69	0.5388036629318224
90	0.37170958192529857
116	0.34612374137442825
118	0.36567667344347976

[EPOCH LOSSES]
0
1
2
3
4
5
6
7
8
9
10
11
12
13
14
15
16
17
18
19

[SETTINGS]
ROOT_PATH	C:\Program Files\Python311\Lib\site-packages\thehow\dependency_probe
MODEL_NAME	bert_large_uncased
MODEL_PATH	D:\transformers\bert\bert_large_uncased
MODEL_NLAYER	24
NDIM_TOKEN_EMBEDDING	1024
MODEL_CUDA	False
ONSITE_EMBEDDINGS	False
HIDDEN_LAYER	8
ONSITE_PROBES	True
LEARNING_RATE	0.001
PROBE_RANK	2
PROBE_CUDA	False
BATCH_SIZE	100
PROBE_SAVEPATH	C:\Program Files\Python311\Lib\site-packages\thehow\dependency_probe\probes
EPOCHS	20
PROBE_LOSS_POW	2
CONLL_ALIAS	wsj
CONLL_PATH	C:\Program Files\Python311\Lib\site-packages\thehow\dependency_probe\datasets\conll\wsj
TRAIN_CONLL_PATH	C:\Program Files\Python311\Lib\site-packages\thehow\dependency_probe\datasets\conll\wsj\en_wsj-ud-train.conllu
DEV_CONLL_PATH	C:\Program Files\Python311\Lib\site-packages\thehow\dependency_probe\datasets\conll\wsj\en_wsj-ud-dev.conllu
TEST_CONLL_PATH	C:\Program Files\Python311\Lib\site-packages\thehow\dependency_probe\datasets\conll\wsj\en_wsj-ud-test.conllu
DEPD_DIRECTED	False
DATASET_PKL_PATH	C:\Program Files\Python311\Lib\site-packages\thehow\dependency_probe\datasets\pkl
REPORTS_PATH	C:\Program Files\Python311\Lib\site-packages\thehow\dependency_probe\reports
METHOD	pairwisedepd
