[Mean spearmanr for sents of len 5-50]
0.7245396127482181

[UUAS]
0.3538291685796113

[SPEARMANR]
sent_len	mean_spearmanr
2	0.9999999999999998
3	0.835250566856775
4	0.6912722473803732
5	0.6056194961908907
6	0.6611381670911364
7	0.6740434873181081
8	0.6455758597660114
9	0.6824362041964016
10	0.7009895887757542
11	0.6965171411261041
12	0.7283923285839669
13	0.7338061077746575
14	0.7057582776586867
15	0.7265403475301013
16	0.7400812008050487
17	0.7412535585199483
18	0.7402281346242158
19	0.7451867929727368
20	0.7337163416374384
21	0.744778631168548
22	0.7508563364888933
23	0.7380923406972265
24	0.7412863265663698
25	0.7471841473324793
26	0.739288141489161
27	0.7446555775222979
28	0.7560534335123479
29	0.7569913373774634
30	0.7400412182711174
31	0.7548760126383766
32	0.750132082964445
33	0.7462590738587392
34	0.7650114299332493
35	0.7355877426065737
36	0.7514263371099598
37	0.7444524752072218
38	0.7456416654809325
39	0.731262419341725
40	0.7406612009388279
41	0.7188773888889538
42	0.7327181214254692
43	0.7133340066735258
44	0.7282946453679063
45	0.7508473424450217
46	0.7322832178898072
47	0.698424724566842
48	0.7100740786775928
49	0.6718095457169113
50	0.6863381496888358
51	0.7716034962449702
52	0.7197907486060611
53	0.7281331404957443
54	0.6727493968919401
55	0.6821087622447245
56	0.6543637021096989
57	0.6539686241254611
58	0.6612756193303353
59	0.6617357575835588
60	0.3477894119151958
61	0.5972877629471699
62	0.8016609855184409
63	0.7155422627463514
64	0.5838838766384065
65	0.6734523574682593
66	0.684722860683457
67	0.5058694420031851
69	0.6094395510363911
90	0.42460507577230905
116	0.4055429834243489
118	0.3823042909461722

[EPOCH LOSSES]
0
1
2
3
4
5
6
7
8
9
10
11
12
13
14
15
16
17
18
19

[SETTINGS]
ROOT_PATH	C:\Program Files\Python311\Lib\site-packages\thehow\dependency_probe
MODEL_NAME	bert_large_uncased
MODEL_PATH	D:\transformers\bert\bert_large_uncased
MODEL_NLAYER	24
NDIM_TOKEN_EMBEDDING	1024
MODEL_CUDA	False
ONSITE_EMBEDDINGS	False
HIDDEN_LAYER	16
ONSITE_PROBES	True
LEARNING_RATE	0.001
PROBE_RANK	2
PROBE_CUDA	False
BATCH_SIZE	100
PROBE_SAVEPATH	C:\Program Files\Python311\Lib\site-packages\thehow\dependency_probe\probes
EPOCHS	20
PROBE_LOSS_POW	2
CONLL_ALIAS	wsj
CONLL_PATH	C:\Program Files\Python311\Lib\site-packages\thehow\dependency_probe\datasets\conll\wsj
TRAIN_CONLL_PATH	C:\Program Files\Python311\Lib\site-packages\thehow\dependency_probe\datasets\conll\wsj\en_wsj-ud-train.conllu
DEV_CONLL_PATH	C:\Program Files\Python311\Lib\site-packages\thehow\dependency_probe\datasets\conll\wsj\en_wsj-ud-dev.conllu
TEST_CONLL_PATH	C:\Program Files\Python311\Lib\site-packages\thehow\dependency_probe\datasets\conll\wsj\en_wsj-ud-test.conllu
DEPD_DIRECTED	False
DATASET_PKL_PATH	C:\Program Files\Python311\Lib\site-packages\thehow\dependency_probe\datasets\pkl
REPORTS_PATH	C:\Program Files\Python311\Lib\site-packages\thehow\dependency_probe\reports
METHOD	pairwisedepd
