[Mean spearmanr for sents of len 5-50]
0.636415739586118

[UUAS]
0.345565247808312

[SPEARMANR]
sent_len	mean_spearmanr
2	0.9999999999999998
3	0.8127280443342525
4	0.6747987684043831
5	0.5829967176566545
6	0.5573221787467201
7	0.5452682840679545
8	0.5411495127651087
9	0.5481806203400137
10	0.606168358853113
11	0.6067099701106482
12	0.6302945614530671
13	0.6399010243375861
14	0.6339192725806289
15	0.6563344167212036
16	0.6634099648029559
17	0.6592449523470062
18	0.6552592185243256
19	0.6604078034328188
20	0.6596882250928024
21	0.6533363908984434
22	0.6632255982361055
23	0.6667396608698479
24	0.6604315431983497
25	0.6441203933602709
26	0.6520631070330535
27	0.6624172410154222
28	0.6771977459194661
29	0.6673723017164983
30	0.661101596238413
31	0.6721224223219715
32	0.6593056270492315
33	0.654826463669771
34	0.6720677892625005
35	0.6396416864000333
36	0.6714580069552015
37	0.6630908083614074
38	0.6417467923161749
39	0.6327363912957341
40	0.654721148319893
41	0.6311754053300338
42	0.6474385447037357
43	0.6351895564782578
44	0.6553751156635593
45	0.660531639430852
46	0.6312960841787355
47	0.6203965243729799
48	0.6183675677740081
49	0.5441873815209499
50	0.6151884052379242
51	0.5996316375259407
52	0.6210739791150807
53	0.5427447737669633
54	0.5031840860619037
55	0.5451865024842963
56	0.45021416889504307
57	0.45302224344139513
58	0.3960928970062845
59	0.4340035756414707
60	0.0891700812876542
61	0.4081177362319904
62	0.38300982453674287
63	0.37416520260196356
64	0.28761851105680375
65	0.3977480539406555
66	0.5197180317717421
67	0.30315836491087683
69	0.23025218285187102
90	0.23139828312715835
116	0.1570258976761224
118	0.11279007364155423

[EPOCH LOSSES]
0
1
2
3
4
5
6
7
8
9
10
11
12
13
14
15
16
17
18
19

[SETTINGS]
ROOT_PATH	C:\Program Files\Python311\Lib\site-packages\thehow\dependency_probe
MODEL_NAME	bert_large_uncased
MODEL_PATH	D:\transformers\bert\bert_large_uncased
MODEL_NLAYER	24
NDIM_TOKEN_EMBEDDING	1024
MODEL_CUDA	False
ONSITE_EMBEDDINGS	False
HIDDEN_LAYER	3
ONSITE_PROBES	True
LEARNING_RATE	0.001
PROBE_RANK	2
PROBE_CUDA	False
BATCH_SIZE	100
PROBE_SAVEPATH	C:\Program Files\Python311\Lib\site-packages\thehow\dependency_probe\probes
EPOCHS	20
PROBE_LOSS_POW	2
CONLL_ALIAS	wsj
CONLL_PATH	C:\Program Files\Python311\Lib\site-packages\thehow\dependency_probe\datasets\conll\wsj
TRAIN_CONLL_PATH	C:\Program Files\Python311\Lib\site-packages\thehow\dependency_probe\datasets\conll\wsj\en_wsj-ud-train.conllu
DEV_CONLL_PATH	C:\Program Files\Python311\Lib\site-packages\thehow\dependency_probe\datasets\conll\wsj\en_wsj-ud-dev.conllu
TEST_CONLL_PATH	C:\Program Files\Python311\Lib\site-packages\thehow\dependency_probe\datasets\conll\wsj\en_wsj-ud-test.conllu
DEPD_DIRECTED	False
DATASET_PKL_PATH	C:\Program Files\Python311\Lib\site-packages\thehow\dependency_probe\datasets\pkl
REPORTS_PATH	C:\Program Files\Python311\Lib\site-packages\thehow\dependency_probe\reports
METHOD	pairwisedepd
