[Mean spearmanr for sents of len 5-50]
0.7152975996992932

[UUAS]
0.34566362781749416

[SPEARMANR]
sent_len	mean_spearmanr
2	0.9999999999999998
3	0.7316469632531715
4	0.6467259840828544
5	0.6307836344945644
6	0.6492452729180656
7	0.6591725124155015
8	0.6339286428298454
9	0.6593329641153879
10	0.6866272447126366
11	0.6785084534688259
12	0.7164196131269941
13	0.7181498619035296
14	0.6807365718543669
15	0.7154064222745383
16	0.7278378509433396
17	0.7274539440677217
18	0.7291319908426959
19	0.7362989159487057
20	0.7249392542228359
21	0.7299148429116589
22	0.7430276316508546
23	0.7272369061818879
24	0.7336108187807645
25	0.7383641010046653
26	0.7290127821660604
27	0.7343357862068803
28	0.7456524134543355
29	0.7456641155904865
30	0.7320896272764602
31	0.7447754703304801
32	0.7426268004093848
33	0.7389675774400063
34	0.757946624792278
35	0.724466927062075
36	0.7404755862377304
37	0.7380546196095865
38	0.7361246054648193
39	0.7193679470402721
40	0.7353016047101015
41	0.7117961641228048
42	0.7268747218500349
43	0.7059190496263474
44	0.7275536800624397
45	0.7463334652838826
46	0.7235947153910687
47	0.6932278905084366
48	0.7051703656760033
49	0.6697300852027489
50	0.6824995099833788
51	0.7701737232953495
52	0.7088202629402982
53	0.7252188997877183
54	0.6745363494700292
55	0.6951209628372315
56	0.6552928449551341
57	0.6560394321928643
58	0.6569140129608493
59	0.6632239780135146
60	0.3458725826448112
61	0.5909773334494636
62	0.8092188041529246
63	0.7139461618739482
64	0.5770906757641749
65	0.6560834357981261
66	0.6281965643551181
67	0.4995241413271276
69	0.6339315734530822
90	0.4122173506172352
116	0.3835443355745806
118	0.375843833733469

[EPOCH LOSSES]
0
1
2
3
4
5
6
7
8
9
10
11
12
13
14
15
16
17
18
19

[SETTINGS]
ROOT_PATH	C:\Program Files\Python311\Lib\site-packages\thehow\dependency_probe
MODEL_NAME	bert_large_uncased
MODEL_PATH	D:\transformers\bert\bert_large_uncased
MODEL_NLAYER	24
NDIM_TOKEN_EMBEDDING	1024
MODEL_CUDA	False
ONSITE_EMBEDDINGS	False
HIDDEN_LAYER	17
ONSITE_PROBES	True
LEARNING_RATE	0.001
PROBE_RANK	2
PROBE_CUDA	False
BATCH_SIZE	100
PROBE_SAVEPATH	C:\Program Files\Python311\Lib\site-packages\thehow\dependency_probe\probes
EPOCHS	20
PROBE_LOSS_POW	2
CONLL_ALIAS	wsj
CONLL_PATH	C:\Program Files\Python311\Lib\site-packages\thehow\dependency_probe\datasets\conll\wsj
TRAIN_CONLL_PATH	C:\Program Files\Python311\Lib\site-packages\thehow\dependency_probe\datasets\conll\wsj\en_wsj-ud-train.conllu
DEV_CONLL_PATH	C:\Program Files\Python311\Lib\site-packages\thehow\dependency_probe\datasets\conll\wsj\en_wsj-ud-dev.conllu
TEST_CONLL_PATH	C:\Program Files\Python311\Lib\site-packages\thehow\dependency_probe\datasets\conll\wsj\en_wsj-ud-test.conllu
DEPD_DIRECTED	False
DATASET_PKL_PATH	C:\Program Files\Python311\Lib\site-packages\thehow\dependency_probe\datasets\pkl
REPORTS_PATH	C:\Program Files\Python311\Lib\site-packages\thehow\dependency_probe\reports
METHOD	pairwisedepd
