[Mean spearmanr for sents of len 5-50]
0.7235795598656748

[UUAS]
0.351402461686452

[SPEARMANR]
sent_len	mean_spearmanr
2	0.9999999999999998
3	0.8307460623522706
4	0.7405490653933804
5	0.6057034949877557
6	0.6712722906930426
7	0.6817247843017289
8	0.6595939807651688
9	0.7023988171639114
10	0.6973237388302475
11	0.7073824382500479
12	0.7301207263638226
13	0.7342083225041267
14	0.7095798250079942
15	0.7296051245404196
16	0.7441645606555428
17	0.739769682068267
18	0.7399683367751948
19	0.7424403675971093
20	0.735805054779525
21	0.7443814575585456
22	0.7504503801631411
23	0.7390241269484161
24	0.7409773983763579
25	0.7445726580639855
26	0.7332569751381086
27	0.7430190769607012
28	0.7550746185175239
29	0.7505339143937133
30	0.7366722377760373
31	0.7490574675235377
32	0.7447867866506959
33	0.7413830298439463
34	0.7594836278346253
35	0.7318915674285573
36	0.7440110333872025
37	0.7370660076987089
38	0.7407888550577001
39	0.722447315489565
40	0.7366054068221565
41	0.714104793146025
42	0.7262802258273131
43	0.7053023879931125
44	0.7272346470875093
45	0.7437823097535956
46	0.7274331814166154
47	0.6907211828530119
48	0.7117361748187727
49	0.6688794012335103
50	0.6926399627744445
51	0.7644647915761635
52	0.7244042703066144
53	0.71763575163909
54	0.6709929188488709
55	0.6804526743698806
56	0.6494032718162547
57	0.6558608626890838
58	0.6552421550522358
59	0.6514058402990218
60	0.32795557744443765
61	0.5892072264820869
62	0.7809452444282313
63	0.6965945471515121
64	0.5976575841865842
65	0.6786589725540513
66	0.6715040402917527
67	0.49094253494767676
69	0.5919474582515561
90	0.4128963229675876
116	0.39028278749985634
118	0.38148460157651765

[EPOCH LOSSES]
0
1
2
3
4
5
6
7
8
9
10
11
12
13
14
15
16
17
18
19

[SETTINGS]
ROOT_PATH	C:\Program Files\Python311\Lib\site-packages\thehow\dependency_probe
MODEL_NAME	bert_large_uncased
MODEL_PATH	D:\transformers\bert\bert_large_uncased
MODEL_NLAYER	24
NDIM_TOKEN_EMBEDDING	1024
MODEL_CUDA	False
ONSITE_EMBEDDINGS	False
HIDDEN_LAYER	15
ONSITE_PROBES	True
LEARNING_RATE	0.001
PROBE_RANK	2
PROBE_CUDA	False
BATCH_SIZE	100
PROBE_SAVEPATH	C:\Program Files\Python311\Lib\site-packages\thehow\dependency_probe\probes
EPOCHS	20
PROBE_LOSS_POW	2
CONLL_ALIAS	wsj
CONLL_PATH	C:\Program Files\Python311\Lib\site-packages\thehow\dependency_probe\datasets\conll\wsj
TRAIN_CONLL_PATH	C:\Program Files\Python311\Lib\site-packages\thehow\dependency_probe\datasets\conll\wsj\en_wsj-ud-train.conllu
DEV_CONLL_PATH	C:\Program Files\Python311\Lib\site-packages\thehow\dependency_probe\datasets\conll\wsj\en_wsj-ud-dev.conllu
TEST_CONLL_PATH	C:\Program Files\Python311\Lib\site-packages\thehow\dependency_probe\datasets\conll\wsj\en_wsj-ud-test.conllu
DEPD_DIRECTED	False
DATASET_PKL_PATH	C:\Program Files\Python311\Lib\site-packages\thehow\dependency_probe\datasets\pkl
REPORTS_PATH	C:\Program Files\Python311\Lib\site-packages\thehow\dependency_probe\reports
METHOD	pairwisedepd
