[Mean spearmanr for sents of len 5-50]
0.5384665940605229

[UUAS]
0.27020616077479725

[SPEARMANR]
sent_len	mean_spearmanr
2	0.9999999999999998
3	0.7857010173072255
4	0.6471123594642076
5	0.5783054375953867
6	0.5692315089978894
7	0.5725772917425227
8	0.5423064785138224
9	0.5566263586356042
10	0.5441538140682558
11	0.5467054053775792
12	0.540552880307577
13	0.544751837678388
14	0.5511956395936586
15	0.5349903254289057
16	0.5439840749599189
17	0.5317088794527869
18	0.5518883601318341
19	0.5355743110892195
20	0.5315169716388792
21	0.5389951684458404
22	0.5289902873392482
23	0.5368841837787399
24	0.5451385330034776
25	0.5288370821996472
26	0.5393036438060547
27	0.5257193084082651
28	0.5414111646111572
29	0.5411679775493019
30	0.526226062778096
31	0.544056457056631
32	0.5435751330492937
33	0.5513851634307848
34	0.5556887425500866
35	0.514018943710703
36	0.5427512760526054
37	0.5329785301906439
38	0.5349105927936953
39	0.5164148296893598
40	0.5441513279352178
41	0.5178623359478486
42	0.5400302054015188
43	0.5245663579475012
44	0.5361350572454634
45	0.5431212597593941
46	0.5349127208663381
47	0.5218879106986282
48	0.5309677319951487
49	0.5012878833945108
50	0.5100178799366251
51	0.5355284946511163
52	0.5205090246555032
53	0.536765007118989
54	0.48867057491146876
55	0.5006105951950443
56	0.5141773556463332
57	0.4994626575729419
58	0.4703129183297742
59	0.48636578992365914
60	0.2618762495131406
61	0.47081364868399
62	0.5240201169258633
63	0.5138782740637566
64	0.3915267685911322
65	0.46846888691897964
66	0.5390539365852417
67	0.407981588728008
69	0.35959948520106727
90	0.3424352657889932
116	0.28756686301027073
118	0.27873957161811097

[EPOCH LOSSES]
0
1
2
3
4
5
6
7
8
9
10
11
12
13
14
15
16
17
18
19

[SETTINGS]
ROOT_PATH	C:\Program Files\Python311\Lib\site-packages\thehow\dependency_probe
MODEL_NAME	bert_large_uncased
MODEL_PATH	D:\transformers\bert\bert_large_uncased
MODEL_NLAYER	24
NDIM_TOKEN_EMBEDDING	1024
MODEL_CUDA	False
ONSITE_EMBEDDINGS	False
HIDDEN_LAYER	24
ONSITE_PROBES	True
LEARNING_RATE	0.001
PROBE_RANK	2
PROBE_CUDA	False
BATCH_SIZE	100
PROBE_SAVEPATH	C:\Program Files\Python311\Lib\site-packages\thehow\dependency_probe\probes
EPOCHS	20
PROBE_LOSS_POW	2
CONLL_ALIAS	wsj
CONLL_PATH	C:\Program Files\Python311\Lib\site-packages\thehow\dependency_probe\datasets\conll\wsj
TRAIN_CONLL_PATH	C:\Program Files\Python311\Lib\site-packages\thehow\dependency_probe\datasets\conll\wsj\en_wsj-ud-train.conllu
DEV_CONLL_PATH	C:\Program Files\Python311\Lib\site-packages\thehow\dependency_probe\datasets\conll\wsj\en_wsj-ud-dev.conllu
TEST_CONLL_PATH	C:\Program Files\Python311\Lib\site-packages\thehow\dependency_probe\datasets\conll\wsj\en_wsj-ud-test.conllu
DEPD_DIRECTED	False
DATASET_PKL_PATH	C:\Program Files\Python311\Lib\site-packages\thehow\dependency_probe\datasets\pkl
REPORTS_PATH	C:\Program Files\Python311\Lib\site-packages\thehow\dependency_probe\reports
METHOD	pairwisedepd
