[Mean spearmanr for sents of len 5-50]
0.7113093915387892

[UUAS]
0.3509761483133294

[SPEARMANR]
sent_len	mean_spearmanr
2	0.9999999999999998
3	0.88029561190182
4	0.6953109701552852
5	0.6265655901740161
6	0.6784125443151053
7	0.6837874178800272
8	0.6750362292438481
9	0.7026509033094126
10	0.6955267892400385
11	0.7145839368300531
12	0.7351923442471869
13	0.7253300330125804
14	0.702367075580321
15	0.7190437811415044
16	0.7347298731049596
17	0.7268350202394745
18	0.7256060621467963
19	0.7253887210091315
20	0.720954473028841
21	0.7236964099057761
22	0.7309890893546649
23	0.7234115395981251
24	0.7278601040706894
25	0.7185196701945173
26	0.7116846997811341
27	0.7284641501578509
28	0.7333712335330484
29	0.7296234121747808
30	0.7192931786470392
31	0.7251771904378461
32	0.7282745266760318
33	0.71590392922088
34	0.7361951437857751
35	0.7097376840351669
36	0.7284315758584071
37	0.7217870674811574
38	0.723737352831536
39	0.7095551863923463
40	0.7208270991822955
41	0.7050457384865646
42	0.7036105427607134
43	0.6977500026554376
44	0.7207156178876154
45	0.7094235129474823
46	0.7068333569762412
47	0.6806304209191824
48	0.686519378322782
49	0.6581644373204257
50	0.6929879646855029
51	0.7256233908457452
52	0.7075697738968821
53	0.678975169923926
54	0.6457473209713852
55	0.6731223743463999
56	0.6178565556725145
57	0.6166428620565594
58	0.6580635213147363
59	0.6262002113674099
60	0.2998999290675693
61	0.572683898525781
62	0.7255210754961084
63	0.6604010478211578
64	0.582590412192557
65	0.6769921858802953
66	0.6384430058285726
67	0.5011226895022519
69	0.5576104776944335
90	0.407449223914804
116	0.39368944635706254
118	0.38182597242420946

[EPOCH LOSSES]
0
1
2
3
4
5
6
7
8
9
10
11
12
13
14
15
16
17
18
19

[SETTINGS]
ROOT_PATH	C:\Program Files\Python311\Lib\site-packages\thehow\dependency_probe
MODEL_NAME	bert_large_uncased
MODEL_PATH	D:\transformers\bert\bert_large_uncased
MODEL_NLAYER	24
NDIM_TOKEN_EMBEDDING	1024
MODEL_CUDA	False
ONSITE_EMBEDDINGS	False
HIDDEN_LAYER	12
ONSITE_PROBES	True
LEARNING_RATE	0.001
PROBE_RANK	2
PROBE_CUDA	False
BATCH_SIZE	100
PROBE_SAVEPATH	C:\Program Files\Python311\Lib\site-packages\thehow\dependency_probe\probes
EPOCHS	20
PROBE_LOSS_POW	2
CONLL_ALIAS	wsj
CONLL_PATH	C:\Program Files\Python311\Lib\site-packages\thehow\dependency_probe\datasets\conll\wsj
TRAIN_CONLL_PATH	C:\Program Files\Python311\Lib\site-packages\thehow\dependency_probe\datasets\conll\wsj\en_wsj-ud-train.conllu
DEV_CONLL_PATH	C:\Program Files\Python311\Lib\site-packages\thehow\dependency_probe\datasets\conll\wsj\en_wsj-ud-dev.conllu
TEST_CONLL_PATH	C:\Program Files\Python311\Lib\site-packages\thehow\dependency_probe\datasets\conll\wsj\en_wsj-ud-test.conllu
DEPD_DIRECTED	False
DATASET_PKL_PATH	C:\Program Files\Python311\Lib\site-packages\thehow\dependency_probe\datasets\pkl
REPORTS_PATH	C:\Program Files\Python311\Lib\site-packages\thehow\dependency_probe\reports
METHOD	pairwisedepd
