[Mean spearmanr for sents of len 5-50]
0.7238893161560942

[UUAS]
0.36237729826632564

[SPEARMANR]
sent_len	mean_spearmanr
2	0.9999999999999998
3	0.8757911073973156
4	0.7085993959411999
5	0.6332259563146256
6	0.6829868050238663
7	0.6973994785721757
8	0.6810209854245891
9	0.7176929758161233
10	0.7218128205896736
11	0.7235122770784137
12	0.7466537476050681
13	0.740549742185381
14	0.7217338605303963
15	0.7319979555503668
16	0.7448106350961395
17	0.7418627540914143
18	0.740549550939971
19	0.7409373256199175
20	0.7346689365709973
21	0.7393171588591265
22	0.7457888469163567
23	0.7368314334088687
24	0.7388793419816228
25	0.7344497287797328
26	0.7256766555286259
27	0.7412417760493673
28	0.7461406638557335
29	0.7445023271349466
30	0.7312730818918327
31	0.7402173787851984
32	0.7425734602310142
33	0.7312359484389908
34	0.7539229276024152
35	0.7225336746812032
36	0.7396147338845003
37	0.7325672454483336
38	0.7376624420335511
39	0.7197113461343212
40	0.732648173369995
41	0.7159800378703404
42	0.714071965533258
43	0.7055794297910404
44	0.7280528056139116
45	0.7261932640248575
46	0.7190974739089158
47	0.6911566342932827
48	0.6983922506340614
49	0.6641749130331716
50	0.6980056164526344
51	0.7421008653524487
52	0.7114591921925785
53	0.6854119943000793
54	0.658526826515724
55	0.6766394908594828
56	0.6387117130636836
57	0.6377608440611962
58	0.6585386798019427
59	0.6446795023856569
60	0.3388912957631812
61	0.583241575666436
62	0.7579144853210471
63	0.6889119437205947
64	0.6052216120806857
65	0.6899353923685575
66	0.639179021197154
67	0.5408250204218445
69	0.5863919582891889
90	0.4335844403318551
116	0.42020586955470035
118	0.40507984831730187

[EPOCH LOSSES]
0
1
2
3
4
5
6
7
8
9
10
11
12
13
14
15
16
17
18
19

[SETTINGS]
ROOT_PATH	C:\Program Files\Python311\Lib\site-packages\thehow\dependency_probe
MODEL_NAME	bert_large_uncased
MODEL_PATH	D:\transformers\bert\bert_large_uncased
MODEL_NLAYER	24
NDIM_TOKEN_EMBEDDING	1024
MODEL_CUDA	False
ONSITE_EMBEDDINGS	False
HIDDEN_LAYER	13
ONSITE_PROBES	True
LEARNING_RATE	0.001
PROBE_RANK	2
PROBE_CUDA	False
BATCH_SIZE	100
PROBE_SAVEPATH	C:\Program Files\Python311\Lib\site-packages\thehow\dependency_probe\probes
EPOCHS	20
PROBE_LOSS_POW	2
CONLL_ALIAS	wsj
CONLL_PATH	C:\Program Files\Python311\Lib\site-packages\thehow\dependency_probe\datasets\conll\wsj
TRAIN_CONLL_PATH	C:\Program Files\Python311\Lib\site-packages\thehow\dependency_probe\datasets\conll\wsj\en_wsj-ud-train.conllu
DEV_CONLL_PATH	C:\Program Files\Python311\Lib\site-packages\thehow\dependency_probe\datasets\conll\wsj\en_wsj-ud-dev.conllu
TEST_CONLL_PATH	C:\Program Files\Python311\Lib\site-packages\thehow\dependency_probe\datasets\conll\wsj\en_wsj-ud-test.conllu
DEPD_DIRECTED	False
DATASET_PKL_PATH	C:\Program Files\Python311\Lib\site-packages\thehow\dependency_probe\datasets\pkl
REPORTS_PATH	C:\Program Files\Python311\Lib\site-packages\thehow\dependency_probe\reports
METHOD	pairwisedepd
