[Mean spearmanr for sents of len 5-50]
0.6688054605818661

[UUAS]
0.3316390109529744

[SPEARMANR]
sent_len	mean_spearmanr
2	0.9999999999999998
3	0.8487640803702885
4	0.6571348132379169
5	0.5704156109756288
6	0.5795248476935655
7	0.5880910249628892
8	0.5949205223420598
9	0.6063031983731225
10	0.6293352240141028
11	0.6293768460591936
12	0.6572987317552168
13	0.6630510025791394
14	0.6554832293673422
15	0.6708496861596371
16	0.6850977958123854
17	0.6805535951683752
18	0.6753863270338105
19	0.6808760067893054
20	0.680041642463924
21	0.6781914329557152
22	0.6863491084104337
23	0.6823798139132944
24	0.68246535056403
25	0.6669893795065158
26	0.6672931054961195
27	0.6841207689589552
28	0.6947123571167638
29	0.688451475018402
30	0.6832577947287957
31	0.6988569031640358
32	0.6876331249509049
33	0.6803106799420165
34	0.7030456439127021
35	0.6697967561078374
36	0.7025711427357232
37	0.6924411856442242
38	0.689300892832245
39	0.6689979776336072
40	0.6991440845838995
41	0.6760821396371826
42	0.6886966071153905
43	0.6750274492774082
44	0.702781766622225
45	0.7009062236660677
46	0.6888549803257571
47	0.6806609618279952
48	0.6758207334770373
49	0.652645225457841
50	0.6706608296330151
51	0.7099815083085862
52	0.6934832878391148
53	0.6509513493111118
54	0.6564353577716104
55	0.7089718137157106
56	0.6209078454024306
57	0.6199424920532293
58	0.694717207170844
59	0.6622606275042741
60	0.33577076144146883
61	0.5812335045622886
62	0.7083506650420042
63	0.6257335429041953
64	0.5471326856215948
65	0.6851380141262113
66	0.6448181736274843
67	0.5839504273050397
69	0.5230504124671645
90	0.3851958089504021
116	0.35796624121756515
118	0.39214117180353214

[EPOCH LOSSES]
0
1
2
3
4
5
6
7
8
9
10
11
12
13
14
15
16
17
18
19

[SETTINGS]
ROOT_PATH	C:\Program Files\Python311\Lib\site-packages\thehow\dependency_probe
MODEL_NAME	bert_large_uncased
MODEL_PATH	D:\transformers\bert\bert_large_uncased
MODEL_NLAYER	24
NDIM_TOKEN_EMBEDDING	1024
MODEL_CUDA	False
ONSITE_EMBEDDINGS	False
HIDDEN_LAYER	4
ONSITE_PROBES	True
LEARNING_RATE	0.001
PROBE_RANK	2
PROBE_CUDA	False
BATCH_SIZE	100
PROBE_SAVEPATH	C:\Program Files\Python311\Lib\site-packages\thehow\dependency_probe\probes
EPOCHS	20
PROBE_LOSS_POW	2
CONLL_ALIAS	wsj
CONLL_PATH	C:\Program Files\Python311\Lib\site-packages\thehow\dependency_probe\datasets\conll\wsj
TRAIN_CONLL_PATH	C:\Program Files\Python311\Lib\site-packages\thehow\dependency_probe\datasets\conll\wsj\en_wsj-ud-train.conllu
DEV_CONLL_PATH	C:\Program Files\Python311\Lib\site-packages\thehow\dependency_probe\datasets\conll\wsj\en_wsj-ud-dev.conllu
TEST_CONLL_PATH	C:\Program Files\Python311\Lib\site-packages\thehow\dependency_probe\datasets\conll\wsj\en_wsj-ud-test.conllu
DEPD_DIRECTED	False
DATASET_PKL_PATH	C:\Program Files\Python311\Lib\site-packages\thehow\dependency_probe\datasets\pkl
REPORTS_PATH	C:\Program Files\Python311\Lib\site-packages\thehow\dependency_probe\reports
METHOD	pairwisedepd
