[Mean spearmanr for sents of len 5-50]
0.7022181493061277

[UUAS]
0.34523731444437156

[SPEARMANR]
sent_len	mean_spearmanr
2	0.9999999999999998
3	0.8127280443342525
4	0.7189273062741324
5	0.6066512237779574
6	0.6586317156738737
7	0.6549501059087237
8	0.6726965754862191
9	0.6961506472108471
10	0.6882754382361543
11	0.7030078741866215
12	0.7303112426333127
13	0.7151367986736664
14	0.69011993632601
15	0.7095402407459361
16	0.7301155259682208
17	0.7199982401700089
18	0.7174927823185585
19	0.7171804895699913
20	0.7094582440699768
21	0.7172924545687949
22	0.7206216132178298
23	0.7132467192337422
24	0.7126371416263508
25	0.7079340630255002
26	0.704869515448725
27	0.7147468193774529
28	0.7275873308630892
29	0.7185354913309939
30	0.7081213145209782
31	0.7205337139652468
32	0.7223326582647811
33	0.7081815076745531
34	0.7287012400978462
35	0.697606931322252
36	0.722687213843744
37	0.714350357275189
38	0.7157182034455464
39	0.697621622764546
40	0.7144119355695889
41	0.6961277158108259
42	0.699745868153505
43	0.6944568903030011
44	0.7058156152356004
45	0.7056318737224511
46	0.6974142616560871
47	0.6771102548879289
48	0.6820969272022156
49	0.6509468586294028
50	0.6852336740880277
51	0.7242329506842424
52	0.7001636315743203
53	0.670503954297916
54	0.6463954947900931
55	0.6708422343094932
56	0.6143055095463915
57	0.6080328040333793
58	0.649584395045177
59	0.6302064245161443
60	0.27846718897870004
61	0.5707100292564342
62	0.7113585125712082
63	0.6449357360927098
64	0.5568466590265375
65	0.679706253815552
66	0.6192482281123075
67	0.5028119374184528
69	0.5372213065378671
90	0.3853816290330551
116	0.3761252125051449
118	0.35789307654779984

[EPOCH LOSSES]
0
1
2
3
4
5
6
7
8
9
10
11
12
13
14
15
16
17
18
19

[SETTINGS]
ROOT_PATH	C:\Program Files\Python311\Lib\site-packages\thehow\dependency_probe
MODEL_NAME	bert_large_uncased
MODEL_PATH	D:\transformers\bert\bert_large_uncased
MODEL_NLAYER	24
NDIM_TOKEN_EMBEDDING	1024
MODEL_CUDA	False
ONSITE_EMBEDDINGS	False
HIDDEN_LAYER	11
ONSITE_PROBES	True
LEARNING_RATE	0.001
PROBE_RANK	2
PROBE_CUDA	False
BATCH_SIZE	100
PROBE_SAVEPATH	C:\Program Files\Python311\Lib\site-packages\thehow\dependency_probe\probes
EPOCHS	20
PROBE_LOSS_POW	2
CONLL_ALIAS	wsj
CONLL_PATH	C:\Program Files\Python311\Lib\site-packages\thehow\dependency_probe\datasets\conll\wsj
TRAIN_CONLL_PATH	C:\Program Files\Python311\Lib\site-packages\thehow\dependency_probe\datasets\conll\wsj\en_wsj-ud-train.conllu
DEV_CONLL_PATH	C:\Program Files\Python311\Lib\site-packages\thehow\dependency_probe\datasets\conll\wsj\en_wsj-ud-dev.conllu
TEST_CONLL_PATH	C:\Program Files\Python311\Lib\site-packages\thehow\dependency_probe\datasets\conll\wsj\en_wsj-ud-test.conllu
DEPD_DIRECTED	False
DATASET_PKL_PATH	C:\Program Files\Python311\Lib\site-packages\thehow\dependency_probe\datasets\pkl
REPORTS_PATH	C:\Program Files\Python311\Lib\site-packages\thehow\dependency_probe\reports
METHOD	pairwisedepd
