[Mean spearmanr for sents of len 5-50]
0.777368662051601

[UUAS]
0.531481602938283

[SPEARMANR]
sent_len	mean_spearmanr
2	0.9999999999999998
3	0.8397550713612796
4	0.7394395080250344
5	0.6597945271213023
6	0.7719758597236888
7	0.7542400183749101
8	0.7653161600558889
9	0.7850030774953324
10	0.7681876423594457
11	0.791136493282938
12	0.8052775117300135
13	0.8126054369667509
14	0.7744981224478658
15	0.7966990382696296
16	0.8013399632191367
17	0.8003096032755657
18	0.7977719001485207
19	0.7955484044648934
20	0.7902349179434804
21	0.7964388529820281
22	0.7956234445060116
23	0.7898773142051743
24	0.7951366981264574
25	0.7907475784627026
26	0.7844565487724691
27	0.7918083355602638
28	0.8002476284152685
29	0.7880072183556465
30	0.7795707802105544
31	0.7883593101191522
32	0.793169254452045
33	0.7755601547203751
34	0.7994553014854379
35	0.7673056324851807
36	0.7805430335635396
37	0.7789188332567155
38	0.7791192048588148
39	0.7715326704578129
40	0.7786770214553481
41	0.7594473126712156
42	0.760067182612499
43	0.747098696416797
44	0.7675430061222925
45	0.7681049966893375
46	0.7713104971290033
47	0.7526521097018865
48	0.7657527850938117
49	0.718756729802917
50	0.7537316448035284
51	0.7825738608643298
52	0.7810664676218467
53	0.7401677158264282
54	0.6941935321238047
55	0.7239793593819124
56	0.6768877153603517
57	0.6739296053628834
58	0.7174254639531318
59	0.6903253860879559
60	0.3235559851397497
61	0.6195323704124603
62	0.7316916575852914
63	0.7242168902184664
64	0.6116016255322414
65	0.7694842138010185
66	0.7415632880246059
67	0.6461242696558012
69	0.5905532701087435
90	0.4490924533794033
116	0.4798827050412906
118	0.43725528311081163

[EPOCH LOSSES]
0
1
2
3
4
5
6
7
8
9
10
11
12
13
14
15
16
17
18
19

[SETTINGS]
ROOT_PATH	C:\Program Files\Python311\Lib\site-packages\thehow\dependency_probe
MODEL_NAME	bert_large_uncased
MODEL_PATH	D:\transformers\bert\bert_large_uncased
MODEL_NLAYER	24
NDIM_TOKEN_EMBEDDING	1024
MODEL_CUDA	False
ONSITE_EMBEDDINGS	False
HIDDEN_LAYER	11
ONSITE_PROBES	True
LEARNING_RATE	0.001
PROBE_RANK	32
PROBE_CUDA	False
BATCH_SIZE	100
PROBE_SAVEPATH	C:\Program Files\Python311\Lib\site-packages\thehow\dependency_probe\probes
EPOCHS	20
PROBE_LOSS_POW	2
CONLL_ALIAS	wsj
CONLL_PATH	C:\Program Files\Python311\Lib\site-packages\thehow\dependency_probe\datasets\conll\wsj
TRAIN_CONLL_PATH	C:\Program Files\Python311\Lib\site-packages\thehow\dependency_probe\datasets\conll\wsj\en_wsj-ud-train.conllu
DEV_CONLL_PATH	C:\Program Files\Python311\Lib\site-packages\thehow\dependency_probe\datasets\conll\wsj\en_wsj-ud-dev.conllu
TEST_CONLL_PATH	C:\Program Files\Python311\Lib\site-packages\thehow\dependency_probe\datasets\conll\wsj\en_wsj-ud-test.conllu
DEPD_DIRECTED	False
DATASET_PKL_PATH	C:\Program Files\Python311\Lib\site-packages\thehow\dependency_probe\datasets\pkl
REPORTS_PATH	C:\Program Files\Python311\Lib\site-packages\thehow\dependency_probe\reports
METHOD	pairwisedepd
