[Mean spearmanr for sents of len 5-50]
0.7025901067077684

[UUAS]
0.48195273387114407

[SPEARMANR]
sent_len	mean_spearmanr
2	0.9999999999999998
3	0.8532685848747931
4	0.7164340850246335
5	0.6621176301558258
6	0.7107086231921863
7	0.6877931879428125
8	0.6784253132067644
9	0.6905447069416313
10	0.7035533849446702
11	0.69526177747573
12	0.7170905430895468
13	0.7201199946354865
14	0.6934408649618841
15	0.71118909547801
16	0.7235807301823245
17	0.7136858914524596
18	0.7134441477200669
19	0.7087950983708854
20	0.7156423756734529
21	0.7115469827754262
22	0.7140671395383059
23	0.7147655617641817
24	0.7139760365470481
25	0.6984887058125687
26	0.6971580274604035
27	0.7058929163877884
28	0.7160313771768373
29	0.7067531355763866
30	0.6968682559345106
31	0.7133261430399725
32	0.7105218265909126
33	0.6990560501134637
34	0.720404031790126
35	0.68605996887457
36	0.7161510802850466
37	0.7085617280284797
38	0.7021794388503917
39	0.6919915170964508
40	0.7065557996464625
41	0.679571652994968
42	0.6949391145951868
43	0.6809855369965535
44	0.7151185010647575
45	0.711184782949615
46	0.7061300430339867
47	0.6897431889508908
48	0.7030707702558722
49	0.6634123004274537
50	0.6992399285749916
51	0.720895224913306
52	0.7201891040854019
53	0.6768622169216153
54	0.6460767142989904
55	0.6952691278273101
56	0.6331324626903492
57	0.6394414119374597
58	0.6831439239643019
59	0.6730657660405971
60	0.3343970365805419
61	0.5837610190854013
62	0.6594509159771313
63	0.612219878439382
64	0.5905976523958276
65	0.6809479571846676
66	0.7040405985963556
67	0.6075689610396768
69	0.5221878689289486
90	0.35315230485466376
116	0.32149719575085295
118	0.33181953702634653

[EPOCH LOSSES]
0
1
2
3
4
5
6
7
8
9
10
11
12
13
14
15
16
17
18
19

[SETTINGS]
ROOT_PATH	C:\Program Files\Python311\Lib\site-packages\thehow\dependency_probe
MODEL_NAME	bert_large_uncased
MODEL_PATH	D:\transformers\bert\bert_large_uncased
MODEL_NLAYER	24
NDIM_TOKEN_EMBEDDING	1024
MODEL_CUDA	False
ONSITE_EMBEDDINGS	False
HIDDEN_LAYER	1
ONSITE_PROBES	True
LEARNING_RATE	0.001
PROBE_RANK	32
PROBE_CUDA	False
BATCH_SIZE	100
PROBE_SAVEPATH	C:\Program Files\Python311\Lib\site-packages\thehow\dependency_probe\probes
EPOCHS	20
PROBE_LOSS_POW	2
CONLL_ALIAS	wsj
CONLL_PATH	C:\Program Files\Python311\Lib\site-packages\thehow\dependency_probe\datasets\conll\wsj
TRAIN_CONLL_PATH	C:\Program Files\Python311\Lib\site-packages\thehow\dependency_probe\datasets\conll\wsj\en_wsj-ud-train.conllu
DEV_CONLL_PATH	C:\Program Files\Python311\Lib\site-packages\thehow\dependency_probe\datasets\conll\wsj\en_wsj-ud-dev.conllu
TEST_CONLL_PATH	C:\Program Files\Python311\Lib\site-packages\thehow\dependency_probe\datasets\conll\wsj\en_wsj-ud-test.conllu
DEPD_DIRECTED	False
DATASET_PKL_PATH	C:\Program Files\Python311\Lib\site-packages\thehow\dependency_probe\datasets\pkl
REPORTS_PATH	C:\Program Files\Python311\Lib\site-packages\thehow\dependency_probe\reports
METHOD	pairwisedepd
