[Mean spearmanr for sents of len 5-50]
0.7158946730122162

[UUAS]
0.46495485450689755

[SPEARMANR]
sent_len	mean_spearmanr
2	0.9999999999999998
3	0.817232548838757
4	0.7192014127869392
5	0.5890428387126001
6	0.7227687172744011
7	0.669709838163628
8	0.6776091680856495
9	0.6911448886774652
10	0.7119499256484598
11	0.710643500283589
12	0.7339079486018529
13	0.7445132722141898
14	0.7180580734107185
15	0.7272857104639364
16	0.7423887146282667
17	0.737256427574768
18	0.7358434726897826
19	0.7355442992295018
20	0.7382677885842945
21	0.7406715019622017
22	0.7391470991896354
23	0.7312436665350122
24	0.7345730809194223
25	0.7285975905767798
26	0.722543505262424
27	0.7329838737498857
28	0.7388968343691378
29	0.7251001313547721
30	0.7184417775237617
31	0.7337520182429786
32	0.7361207628341738
33	0.7199525498256428
34	0.7384649132842561
35	0.7069214442555977
36	0.7224905945840467
37	0.7236298106137957
38	0.7155681770504652
39	0.7090861241845049
40	0.7195799829687516
41	0.7001286254929261
42	0.7049452450918138
43	0.6905476663422944
44	0.7168836397459982
45	0.7130978432171362
46	0.7154385039850636
47	0.7001929369020563
48	0.7013655750730282
49	0.6735205760489734
50	0.6913343231323082
51	0.7378140504658796
52	0.7204781532731835
53	0.6958166828143527
54	0.6450642661830278
55	0.6839404217963176
56	0.638327282125124
57	0.6179101268295206
58	0.6603173070664244
59	0.669742833031861
60	0.33402149319575314
61	0.609934715088615
62	0.695324026536621
63	0.6726284314452253
64	0.5717986393262287
65	0.7651035904936229
66	0.6883702136997222
67	0.5720210132615903
69	0.5544625698239191
90	0.4251134824435403
116	0.3990745062217241
118	0.446418908774458

[EPOCH LOSSES]
0
1
2
3
4
5
6
7
8
9
10
11
12
13
14
15
16
17
18
19

[SETTINGS]
ROOT_PATH	C:\Program Files\Python311\Lib\site-packages\thehow\dependency_probe
MODEL_NAME	bert_large_uncased
MODEL_PATH	D:\transformers\bert\bert_large_uncased
MODEL_NLAYER	24
NDIM_TOKEN_EMBEDDING	1024
MODEL_CUDA	False
ONSITE_EMBEDDINGS	False
HIDDEN_LAYER	7
ONSITE_PROBES	True
LEARNING_RATE	0.001
PROBE_RANK	32
PROBE_CUDA	False
BATCH_SIZE	100
PROBE_SAVEPATH	C:\Program Files\Python311\Lib\site-packages\thehow\dependency_probe\probes
EPOCHS	20
PROBE_LOSS_POW	2
CONLL_ALIAS	wsj
CONLL_PATH	C:\Program Files\Python311\Lib\site-packages\thehow\dependency_probe\datasets\conll\wsj
TRAIN_CONLL_PATH	C:\Program Files\Python311\Lib\site-packages\thehow\dependency_probe\datasets\conll\wsj\en_wsj-ud-train.conllu
DEV_CONLL_PATH	C:\Program Files\Python311\Lib\site-packages\thehow\dependency_probe\datasets\conll\wsj\en_wsj-ud-dev.conllu
TEST_CONLL_PATH	C:\Program Files\Python311\Lib\site-packages\thehow\dependency_probe\datasets\conll\wsj\en_wsj-ud-test.conllu
DEPD_DIRECTED	False
DATASET_PKL_PATH	C:\Program Files\Python311\Lib\site-packages\thehow\dependency_probe\datasets\pkl
REPORTS_PATH	C:\Program Files\Python311\Lib\site-packages\thehow\dependency_probe\reports
METHOD	pairwisedepd
