[Mean spearmanr for sents of len 5-50]
0.8178983310134977

[UUAS]
0.572790275682648

[SPEARMANR]
sent_len	mean_spearmanr
2	0.9999999999999998
3	0.8487640803702885
4	0.7685095808463626
5	0.6987222336513071
6	0.7785391452103041
7	0.7790350902028861
8	0.7634031098044775
9	0.8069938434496445
10	0.7962024280672884
11	0.8084320653790076
12	0.8300428467670553
13	0.8340345676366326
14	0.8073947672255358
15	0.8202557178875571
16	0.829692872343572
17	0.8400115659870528
18	0.836131166708043
19	0.8368591604231013
20	0.8254765662637938
21	0.8286754851775924
22	0.8341858585749918
23	0.8298759956984656
24	0.8341543925440101
25	0.8391467789237846
26	0.8331978616116285
27	0.8359398130138068
28	0.8398004176393643
29	0.8349128276169403
30	0.8241536331330428
31	0.8380670773480671
32	0.8335323522436956
33	0.8322626031488074
34	0.8424402323682677
35	0.8248497634668777
36	0.827783652906447
37	0.827831053918536
38	0.8270476922045521
39	0.8251357278650993
40	0.82993833930622
41	0.8138244279834
42	0.8129386157267205
43	0.8014672299405476
44	0.81936600428947
45	0.8323130322920144
46	0.8271775420665086
47	0.8095445825474739
48	0.8080744922882338
49	0.7706233977628567
50	0.7938351960062184
51	0.8531567847990286
52	0.8188016910043151
53	0.8225580224864587
54	0.7593778818989957
55	0.7575705298299328
56	0.730459504356744
57	0.761810605932229
58	0.762220302230091
59	0.7515890020048377
60	0.42547606464431326
61	0.6780468674683656
62	0.8409246729732005
63	0.8163401316394909
64	0.6582224314669924
65	0.7766008599616209
66	0.8388601718328318
67	0.7316707868913372
69	0.7151688271411121
90	0.5339618045027716
116	0.5689997306543574
118	0.48880734027994216

[EPOCH LOSSES]
0
1
2
3
4
5
6
7
8
9
10
11
12
13
14
15
16
17
18
19

[SETTINGS]
ROOT_PATH	C:\Program Files\Python311\Lib\site-packages\thehow\dependency_probe
MODEL_NAME	bert_large_uncased
MODEL_PATH	D:\transformers\bert\bert_large_uncased
MODEL_NLAYER	24
NDIM_TOKEN_EMBEDDING	1024
MODEL_CUDA	False
ONSITE_EMBEDDINGS	False
HIDDEN_LAYER	16
ONSITE_PROBES	True
LEARNING_RATE	0.001
PROBE_RANK	32
PROBE_CUDA	False
BATCH_SIZE	100
PROBE_SAVEPATH	C:\Program Files\Python311\Lib\site-packages\thehow\dependency_probe\probes
EPOCHS	20
PROBE_LOSS_POW	2
CONLL_ALIAS	wsj
CONLL_PATH	C:\Program Files\Python311\Lib\site-packages\thehow\dependency_probe\datasets\conll\wsj
TRAIN_CONLL_PATH	C:\Program Files\Python311\Lib\site-packages\thehow\dependency_probe\datasets\conll\wsj\en_wsj-ud-train.conllu
DEV_CONLL_PATH	C:\Program Files\Python311\Lib\site-packages\thehow\dependency_probe\datasets\conll\wsj\en_wsj-ud-dev.conllu
TEST_CONLL_PATH	C:\Program Files\Python311\Lib\site-packages\thehow\dependency_probe\datasets\conll\wsj\en_wsj-ud-test.conllu
DEPD_DIRECTED	False
DATASET_PKL_PATH	C:\Program Files\Python311\Lib\site-packages\thehow\dependency_probe\datasets\pkl
REPORTS_PATH	C:\Program Files\Python311\Lib\site-packages\thehow\dependency_probe\reports
METHOD	pairwisedepd
