[Mean spearmanr for sents of len 5-50]
0.7872568274118312

[UUAS]
0.5546883539931352

[SPEARMANR]
sent_len	mean_spearmanr
2	0.9999999999999998
3	0.8037190353252435
4	0.6701177824646086
5	0.665606063625021
6	0.7352412410718179
7	0.7500254974410319
8	0.7340432142746974
9	0.7685819620083498
10	0.7638995270650316
11	0.7794722413274102
12	0.7860768064427214
13	0.792315244415655
14	0.7702751280200666
15	0.7898874479720914
16	0.7918738432697165
17	0.7972383921074822
18	0.792940696608972
19	0.8021718732419896
20	0.7935708823886799
21	0.8000539886522944
22	0.7991036870998824
23	0.7979639858027878
24	0.7982029443188017
25	0.8045769275436707
26	0.8007543195569169
27	0.8032830375870527
28	0.8083142144408101
29	0.804577954023592
30	0.7945808546039267
31	0.8084862938031298
32	0.8108595822473226
33	0.8120250579510297
34	0.8161018198583249
35	0.795131204091665
36	0.7927246675952508
37	0.801747309758313
38	0.8006364799599581
39	0.797337442373561
40	0.8068761251670157
41	0.7958816702509173
42	0.7867473812073892
43	0.7837682315349598
44	0.8050826085928764
45	0.7995310576527752
46	0.799355477805279
47	0.7810237057336828
48	0.7812617403751891
49	0.7490009615157541
50	0.7656032685593711
51	0.829467342536358
52	0.7672238147906214
53	0.8042805988547427
54	0.7278475564869907
55	0.7432417027522487
56	0.7043978545473911
57	0.7394062305644554
58	0.7510547314980142
59	0.7149141297903937
60	0.4402852919724716
61	0.6654925084368175
62	0.8258732933005648
63	0.8129679163154597
64	0.6503527247009178
65	0.7553511252864465
66	0.7812330791746797
67	0.6785541948881876
69	0.726828582141172
90	0.569820899004242
116	0.5491503375203127
118	0.4841887706424963

[EPOCH LOSSES]
0
1
2
3
4
5
6
7
8
9
10
11
12
13
14
15
16
17
18
19

[SETTINGS]
ROOT_PATH	C:\Program Files\Python311\Lib\site-packages\thehow\dependency_probe
MODEL_NAME	bert_large_uncased
MODEL_PATH	D:\transformers\bert\bert_large_uncased
MODEL_NLAYER	24
NDIM_TOKEN_EMBEDDING	1024
MODEL_CUDA	False
ONSITE_EMBEDDINGS	False
HIDDEN_LAYER	18
ONSITE_PROBES	True
LEARNING_RATE	0.001
PROBE_RANK	32
PROBE_CUDA	False
BATCH_SIZE	100
PROBE_SAVEPATH	C:\Program Files\Python311\Lib\site-packages\thehow\dependency_probe\probes
EPOCHS	20
PROBE_LOSS_POW	2
CONLL_ALIAS	wsj
CONLL_PATH	C:\Program Files\Python311\Lib\site-packages\thehow\dependency_probe\datasets\conll\wsj
TRAIN_CONLL_PATH	C:\Program Files\Python311\Lib\site-packages\thehow\dependency_probe\datasets\conll\wsj\en_wsj-ud-train.conllu
DEV_CONLL_PATH	C:\Program Files\Python311\Lib\site-packages\thehow\dependency_probe\datasets\conll\wsj\en_wsj-ud-dev.conllu
TEST_CONLL_PATH	C:\Program Files\Python311\Lib\site-packages\thehow\dependency_probe\datasets\conll\wsj\en_wsj-ud-test.conllu
DEPD_DIRECTED	False
DATASET_PKL_PATH	C:\Program Files\Python311\Lib\site-packages\thehow\dependency_probe\datasets\pkl
REPORTS_PATH	C:\Program Files\Python311\Lib\site-packages\thehow\dependency_probe\reports
METHOD	pairwisedepd
