[Mean spearmanr for sents of len 5-50]
0.7270826340467601

[UUAS]
0.4852211363984172

[SPEARMANR]
sent_len	mean_spearmanr
2	0.9999999999999998
3	0.8487640803702885
4	0.7474673847991445
5	0.6481954051805378
6	0.7384587739726792
7	0.7077969255845828
8	0.7123483905958831
9	0.7095832180254301
10	0.7209014815686295
11	0.7353518704914975
12	0.7443701577597249
13	0.7483969823213097
14	0.7233740103841569
15	0.7371324436167516
16	0.7499273912251737
17	0.7451694071474083
18	0.7399811903715241
19	0.7401008481153333
20	0.7415707447578764
21	0.7438149710527129
22	0.7455474272486912
23	0.7392978388311351
24	0.7433347245341976
25	0.7321939101235623
26	0.7272463085347668
27	0.7403239894483052
28	0.7431601228276997
29	0.7354061845721191
30	0.726498413817817
31	0.7406401831553994
32	0.7403695835063567
33	0.7264240581599278
34	0.7502724843826636
35	0.714941355698251
36	0.735583412274117
37	0.7339075309593596
38	0.7233643865954744
39	0.7141532712158726
40	0.7274433914181465
41	0.7045347668088349
42	0.7117557940810868
43	0.7019006080769713
44	0.7296538568413906
45	0.7257234193105904
46	0.7263507280875043
47	0.708292969666286
48	0.7176290566931424
49	0.6804615252462042
50	0.7129156518638843
51	0.7405603379210365
52	0.7411098810299099
53	0.7027584318755634
54	0.6530208046605284
55	0.7022906400651854
56	0.6395765686710723
57	0.6247910916409173
58	0.6718759348254009
59	0.6833706913786612
60	0.32938653012175734
61	0.599634573832053
62	0.697052715644135
63	0.659781179022327
64	0.5707590653363133
65	0.7364706945779026
66	0.7040861272190687
67	0.5882364500060676
69	0.5268056910202661
90	0.354522628607701
116	0.31191415567520475
118	0.3962058457036783

[EPOCH LOSSES]
0
1
2
3
4
5
6
7
8
9
10
11
12
13
14
15
16
17
18
19

[SETTINGS]
ROOT_PATH	C:\Program Files\Python311\Lib\site-packages\thehow\dependency_probe
MODEL_NAME	bert_large_uncased
MODEL_PATH	D:\transformers\bert\bert_large_uncased
MODEL_NLAYER	24
NDIM_TOKEN_EMBEDDING	1024
MODEL_CUDA	False
ONSITE_EMBEDDINGS	False
HIDDEN_LAYER	5
ONSITE_PROBES	True
LEARNING_RATE	0.001
PROBE_RANK	32
PROBE_CUDA	False
BATCH_SIZE	100
PROBE_SAVEPATH	C:\Program Files\Python311\Lib\site-packages\thehow\dependency_probe\probes
EPOCHS	20
PROBE_LOSS_POW	2
CONLL_ALIAS	wsj
CONLL_PATH	C:\Program Files\Python311\Lib\site-packages\thehow\dependency_probe\datasets\conll\wsj
TRAIN_CONLL_PATH	C:\Program Files\Python311\Lib\site-packages\thehow\dependency_probe\datasets\conll\wsj\en_wsj-ud-train.conllu
DEV_CONLL_PATH	C:\Program Files\Python311\Lib\site-packages\thehow\dependency_probe\datasets\conll\wsj\en_wsj-ud-dev.conllu
TEST_CONLL_PATH	C:\Program Files\Python311\Lib\site-packages\thehow\dependency_probe\datasets\conll\wsj\en_wsj-ud-test.conllu
DEPD_DIRECTED	False
DATASET_PKL_PATH	C:\Program Files\Python311\Lib\site-packages\thehow\dependency_probe\datasets\pkl
REPORTS_PATH	C:\Program Files\Python311\Lib\site-packages\thehow\dependency_probe\reports
METHOD	pairwisedepd
