[Mean spearmanr for sents of len 5-50]
0.8122588437175452

[UUAS]
0.5741675958111978

[SPEARMANR]
sent_len	mean_spearmanr
2	0.9999999999999998
3	0.817232548838757
4	0.7430109365964629
5	0.7274775701387511
6	0.7901474616067531
7	0.8009438016065485
8	0.7867368244325909
9	0.8070917885409634
10	0.8059215285366685
11	0.8201466426772664
12	0.8332667109670845
13	0.8475161829969607
14	0.8108521506011226
15	0.8263163881293101
16	0.8304270567045714
17	0.833478055087081
18	0.8316411032957186
19	0.8280740939275344
20	0.8223009510309722
21	0.8266135145949992
22	0.8257379937334818
23	0.8262336262192518
24	0.8291465516831392
25	0.8282674110246684
26	0.8185326201472529
27	0.8240976258270966
28	0.8310792612997073
29	0.8247355377716189
30	0.8143664911405194
31	0.8229594112507403
32	0.8241186642460037
33	0.8142484154730568
34	0.8344131799836688
35	0.8092153143599076
36	0.81357894384185
37	0.8131206143917088
38	0.817503007789254
39	0.8097029881984625
40	0.81674184115439
41	0.8021751271346825
42	0.797325722846149
43	0.7846475162474602
44	0.8021858005845378
45	0.810930361725675
46	0.8050208648618101
47	0.7971418743084213
48	0.8000663287872042
49	0.7475002699274639
50	0.7901616201729976
51	0.827491310659139
52	0.8141028189787901
53	0.7701279607229568
54	0.725817994894422
55	0.7449639845197298
56	0.7092501973510855
57	0.7320805534627378
58	0.7604615398483475
59	0.7235973240941931
60	0.37263616159700447
61	0.6525278316492702
62	0.7678708858254268
63	0.7819025832477045
64	0.6530605967712502
65	0.7958802817361121
66	0.8040672354421814
67	0.686799644048555
69	0.6680078578192796
90	0.4907128803641968
116	0.520347699472222
118	0.4550127144340159

[EPOCH LOSSES]
0
1
2
3
4
5
6
7
8
9
10
11
12
13
14
15
16
17
18
19

[SETTINGS]
ROOT_PATH	C:\Program Files\Python311\Lib\site-packages\thehow\dependency_probe
MODEL_NAME	bert_large_uncased
MODEL_PATH	D:\transformers\bert\bert_large_uncased
MODEL_NLAYER	24
NDIM_TOKEN_EMBEDDING	1024
MODEL_CUDA	False
ONSITE_EMBEDDINGS	False
HIDDEN_LAYER	13
ONSITE_PROBES	True
LEARNING_RATE	0.001
PROBE_RANK	32
PROBE_CUDA	False
BATCH_SIZE	100
PROBE_SAVEPATH	C:\Program Files\Python311\Lib\site-packages\thehow\dependency_probe\probes
EPOCHS	20
PROBE_LOSS_POW	2
CONLL_ALIAS	wsj
CONLL_PATH	C:\Program Files\Python311\Lib\site-packages\thehow\dependency_probe\datasets\conll\wsj
TRAIN_CONLL_PATH	C:\Program Files\Python311\Lib\site-packages\thehow\dependency_probe\datasets\conll\wsj\en_wsj-ud-train.conllu
DEV_CONLL_PATH	C:\Program Files\Python311\Lib\site-packages\thehow\dependency_probe\datasets\conll\wsj\en_wsj-ud-dev.conllu
TEST_CONLL_PATH	C:\Program Files\Python311\Lib\site-packages\thehow\dependency_probe\datasets\conll\wsj\en_wsj-ud-test.conllu
DEPD_DIRECTED	False
DATASET_PKL_PATH	C:\Program Files\Python311\Lib\site-packages\thehow\dependency_probe\datasets\pkl
REPORTS_PATH	C:\Program Files\Python311\Lib\site-packages\thehow\dependency_probe\reports
METHOD	pairwisedepd
