[Mean spearmanr for sents of len 5-50]
0.8112406658366254

[UUAS]
0.5713692311055727

[SPEARMANR]
sent_len	mean_spearmanr
2	0.9999999999999998
3	0.8397550713612796
4	0.7338735024540067
5	0.6355338563157418
6	0.7628207653310188
7	0.7738590834126186
8	0.7342695006119766
9	0.7923065921517747
10	0.7915295713572079
11	0.7960861748547206
12	0.8176661578055902
13	0.8302700073004293
14	0.8010907431673814
15	0.8165516998161981
16	0.82349232557656
17	0.8298808018324054
18	0.8263581352061529
19	0.8290267625308727
20	0.8198513300763951
21	0.8277549823694889
22	0.827350406763407
23	0.8259668029937705
24	0.8278712765783819
25	0.8348000116811569
26	0.8269738389865666
27	0.8314208619853346
28	0.8341421442473704
29	0.8307528827382544
30	0.8188361451643658
31	0.8301640363329899
32	0.8336449335840568
33	0.8283563886399957
34	0.8390551541752798
35	0.8211351491757464
36	0.8214384215276752
37	0.8239985516965534
38	0.8227585457711521
39	0.8198622182996218
40	0.8281284885539564
41	0.8143833709418533
42	0.8092818318132229
43	0.8053024294953476
44	0.8213805618020209
45	0.8302541416520604
46	0.8245061905532282
47	0.8089081487935367
48	0.8038862506462704
49	0.7736203396448657
50	0.7905426145301875
51	0.8481624863674267
52	0.8096465413207397
53	0.820734232615663
54	0.7647079983576862
55	0.7636061282687765
56	0.7290909111544827
57	0.7622699056646433
58	0.7655376213931158
59	0.7391414473583621
60	0.43265471817444257
61	0.69102937363478
62	0.839991677370582
63	0.8126980078825914
64	0.667122256064096
65	0.7743310403584186
66	0.8095943989625701
67	0.7188894888523985
69	0.7266366832174702
90	0.5336466794838295
116	0.5540907234609882
118	0.4929847309322766

[EPOCH LOSSES]
0
1
2
3
4
5
6
7
8
9
10
11
12
13
14
15
16
17
18
19

[SETTINGS]
ROOT_PATH	C:\Program Files\Python311\Lib\site-packages\thehow\dependency_probe
MODEL_NAME	bert_large_uncased
MODEL_PATH	D:\transformers\bert\bert_large_uncased
MODEL_NLAYER	24
NDIM_TOKEN_EMBEDDING	1024
MODEL_CUDA	False
ONSITE_EMBEDDINGS	False
HIDDEN_LAYER	17
ONSITE_PROBES	True
LEARNING_RATE	0.001
PROBE_RANK	32
PROBE_CUDA	False
BATCH_SIZE	100
PROBE_SAVEPATH	C:\Program Files\Python311\Lib\site-packages\thehow\dependency_probe\probes
EPOCHS	20
PROBE_LOSS_POW	2
CONLL_ALIAS	wsj
CONLL_PATH	C:\Program Files\Python311\Lib\site-packages\thehow\dependency_probe\datasets\conll\wsj
TRAIN_CONLL_PATH	C:\Program Files\Python311\Lib\site-packages\thehow\dependency_probe\datasets\conll\wsj\en_wsj-ud-train.conllu
DEV_CONLL_PATH	C:\Program Files\Python311\Lib\site-packages\thehow\dependency_probe\datasets\conll\wsj\en_wsj-ud-dev.conllu
TEST_CONLL_PATH	C:\Program Files\Python311\Lib\site-packages\thehow\dependency_probe\datasets\conll\wsj\en_wsj-ud-test.conllu
DEPD_DIRECTED	False
DATASET_PKL_PATH	C:\Program Files\Python311\Lib\site-packages\thehow\dependency_probe\datasets\pkl
REPORTS_PATH	C:\Program Files\Python311\Lib\site-packages\thehow\dependency_probe\reports
METHOD	pairwisedepd
