[Mean spearmanr for sents of len 5-50]
0.6509113295639073

[UUAS]
0.45483264467326906

[SPEARMANR]
sent_len	mean_spearmanr
2	0.9999999999999998
3	0.844259575865784
4	0.7176245612151096
5	0.6467072640152163
6	0.6995855673734004
7	0.6696833418038646
8	0.6441181161758747
9	0.6742819359340851
10	0.6548988751019063
11	0.6576080997195639
12	0.663351651725617
13	0.6742062545371225
14	0.6571675600972912
15	0.6640076768973763
16	0.6531061260391664
17	0.6534691544722339
18	0.6645741638291974
19	0.6582055798148654
20	0.6513553870617823
21	0.6584295527876872
22	0.6472944188316632
23	0.6530070664163197
24	0.6476086054099992
25	0.6524471223138274
26	0.6595681895865894
27	0.6539907471890424
28	0.655460451458654
29	0.6523990846308886
30	0.6337921325206193
31	0.661276225285709
32	0.6647282163024819
33	0.6634486025573015
34	0.6639991884700076
35	0.6350833126539198
36	0.6462265839720822
37	0.6346603725143866
38	0.6234668613575207
39	0.6479284150537733
40	0.6583681845759497
41	0.6300292741413855
42	0.6507217645419101
43	0.6295423810754774
44	0.6481039824599917
45	0.6522225708924326
46	0.6419398614981391
47	0.638176577184529
48	0.6250374951645801
49	0.6206897965615513
50	0.6059473679327576
51	0.6644661997351542
52	0.6393024052985664
53	0.6418870029146061
54	0.5710744185989907
55	0.6110730425739989
56	0.5862938768001678
57	0.6367504913049341
58	0.6018101305723536
59	0.5509883454989791
60	0.3345857928376397
61	0.580692078017014
62	0.6533856395043989
63	0.5518410095558892
64	0.5303697410212915
65	0.6532394166448426
66	0.6317233944074757
67	0.5757067234780111
69	0.6043683569180012
90	0.49062187905701615
116	0.4235728649011128
118	0.37032344703608094

[EPOCH LOSSES]
0
1
2
3
4
5
6
7
8
9
10
11
12
13
14
15
16
17
18
19

[SETTINGS]
ROOT_PATH	C:\Program Files\Python311\Lib\site-packages\thehow\dependency_probe
MODEL_NAME	bert_large_uncased
MODEL_PATH	D:\transformers\bert\bert_large_uncased
MODEL_NLAYER	24
NDIM_TOKEN_EMBEDDING	1024
MODEL_CUDA	False
ONSITE_EMBEDDINGS	False
HIDDEN_LAYER	23
ONSITE_PROBES	True
LEARNING_RATE	0.001
PROBE_RANK	32
PROBE_CUDA	False
BATCH_SIZE	100
PROBE_SAVEPATH	C:\Program Files\Python311\Lib\site-packages\thehow\dependency_probe\probes
EPOCHS	20
PROBE_LOSS_POW	2
CONLL_ALIAS	wsj
CONLL_PATH	C:\Program Files\Python311\Lib\site-packages\thehow\dependency_probe\datasets\conll\wsj
TRAIN_CONLL_PATH	C:\Program Files\Python311\Lib\site-packages\thehow\dependency_probe\datasets\conll\wsj\en_wsj-ud-train.conllu
DEV_CONLL_PATH	C:\Program Files\Python311\Lib\site-packages\thehow\dependency_probe\datasets\conll\wsj\en_wsj-ud-dev.conllu
TEST_CONLL_PATH	C:\Program Files\Python311\Lib\site-packages\thehow\dependency_probe\datasets\conll\wsj\en_wsj-ud-test.conllu
DEPD_DIRECTED	False
DATASET_PKL_PATH	C:\Program Files\Python311\Lib\site-packages\thehow\dependency_probe\datasets\pkl
REPORTS_PATH	C:\Program Files\Python311\Lib\site-packages\thehow\dependency_probe\reports
METHOD	pairwisedepd
