[Mean spearmanr for sents of len 5-50]
0.7926968866869553

[UUAS]
0.5507203602894558

[SPEARMANR]
sent_len	mean_spearmanr
2	0.9999999999999998
3	0.8397550713612796
4	0.7336803147633301
5	0.6844554073869628
6	0.7967656611995422
7	0.7695121880187699
8	0.7735910021415203
9	0.8024187527361907
10	0.7873621479339912
11	0.8068115905008697
12	0.8181688078837726
13	0.8262820333246215
14	0.7953290123182023
15	0.8091659474221574
16	0.8136749919456512
17	0.8151708682541634
18	0.8107162247366227
19	0.8109684972013405
20	0.8062845370258649
21	0.8091455632846796
22	0.8079003876329255
23	0.806196618989147
24	0.8105456700163711
25	0.8033413307061836
26	0.7986164617179087
27	0.8067736004337335
28	0.8101826353253482
29	0.8027072732007189
30	0.7935857690394736
31	0.8011284880938581
32	0.8044453113610545
33	0.7916726537810355
34	0.8109264372790952
35	0.7841509592873214
36	0.7928128266411073
37	0.7952383455655464
38	0.7964654458624673
39	0.7889911252649903
40	0.794816207453542
41	0.7773797529895109
42	0.7768744769216686
43	0.7632229599125521
44	0.7838871079644261
45	0.7841192056313148
46	0.7880605074808353
47	0.7711332985367505
48	0.7808025462121783
49	0.7303699745003813
50	0.7718861764835705
51	0.7978045237795048
52	0.7938725629045877
53	0.7420337924413662
54	0.7025727306820758
55	0.7308030892599982
56	0.6870013090615055
57	0.6938805396111786
58	0.7273055718643845
59	0.7013263040484591
60	0.33228866280405733
61	0.630645499860759
62	0.7399383589415348
63	0.743283149860056
64	0.6272195109792946
65	0.7621643647755244
66	0.7641299779736412
67	0.6478286750925081
69	0.6218308647883017
90	0.4583976813999955
116	0.5054804114605603
118	0.4320134765830002

[EPOCH LOSSES]
0
1
2
3
4
5
6
7
8
9
10
11
12
13
14
15
16
17
18
19

[SETTINGS]
ROOT_PATH	C:\Program Files\Python311\Lib\site-packages\thehow\dependency_probe
MODEL_NAME	bert_large_uncased
MODEL_PATH	D:\transformers\bert\bert_large_uncased
MODEL_NLAYER	24
NDIM_TOKEN_EMBEDDING	1024
MODEL_CUDA	False
ONSITE_EMBEDDINGS	False
HIDDEN_LAYER	12
ONSITE_PROBES	True
LEARNING_RATE	0.001
PROBE_RANK	32
PROBE_CUDA	False
BATCH_SIZE	100
PROBE_SAVEPATH	C:\Program Files\Python311\Lib\site-packages\thehow\dependency_probe\probes
EPOCHS	20
PROBE_LOSS_POW	2
CONLL_ALIAS	wsj
CONLL_PATH	C:\Program Files\Python311\Lib\site-packages\thehow\dependency_probe\datasets\conll\wsj
TRAIN_CONLL_PATH	C:\Program Files\Python311\Lib\site-packages\thehow\dependency_probe\datasets\conll\wsj\en_wsj-ud-train.conllu
DEV_CONLL_PATH	C:\Program Files\Python311\Lib\site-packages\thehow\dependency_probe\datasets\conll\wsj\en_wsj-ud-dev.conllu
TEST_CONLL_PATH	C:\Program Files\Python311\Lib\site-packages\thehow\dependency_probe\datasets\conll\wsj\en_wsj-ud-test.conllu
DEPD_DIRECTED	False
DATASET_PKL_PATH	C:\Program Files\Python311\Lib\site-packages\thehow\dependency_probe\datasets\pkl
REPORTS_PATH	C:\Program Files\Python311\Lib\site-packages\thehow\dependency_probe\reports
METHOD	pairwisedepd
