[Mean spearmanr for sents of len 5-50]
0.7107175853713352

[UUAS]
0.46632124352331605

[SPEARMANR]
sent_len	mean_spearmanr
2	0.9999999999999998
3	0.8577730893792975
4	0.7383613007031047
5	0.6640558718309298
6	0.7239446448222873
7	0.6922151665449165
8	0.681938000399428
9	0.7001791717241167
10	0.7045836097467966
11	0.7064639312912337
12	0.7270449576478559
13	0.7297451160182128
14	0.7064657202051225
15	0.7217959419690216
16	0.728812134799555
17	0.7251088718899366
18	0.7206495733237693
19	0.7205227838659688
20	0.7260325977570008
21	0.7241664106634494
22	0.7257615817027157
23	0.720893871352759
24	0.7253101306220968
25	0.7097445861872175
26	0.7081049613824345
27	0.720233075986679
28	0.7283967291482861
29	0.7230076638479642
30	0.7089480527907355
31	0.7234341894330554
32	0.7209569087116563
33	0.7082942721974146
34	0.7304808106695138
35	0.6932521238928177
36	0.7195591158853997
37	0.7173122727620778
38	0.7081221371547606
39	0.6983770787213504
40	0.7087758796118078
41	0.6842652418556047
42	0.6982738648924434
43	0.6828229427359424
44	0.7200413650584856
45	0.7193630509148331
46	0.7130116148360925
47	0.6899921955408264
48	0.709598674284968
49	0.6682780166056476
50	0.704672013796231
51	0.7229969449749377
52	0.7226660458685205
53	0.6878408715851829
54	0.6320854461146577
55	0.6894295616091993
56	0.6312898064277073
57	0.6233866900466932
58	0.6660897505022968
59	0.6737498702918441
60	0.3312267290006101
61	0.5864271542756433
62	0.692738621752531
63	0.6143311316480989
64	0.582426422018508
65	0.6879346310055074
66	0.6961629670418775
67	0.5887136511977555
69	0.5029162517422837
90	0.34614057848881213
116	0.2463896754968809
118	0.2912514515230302

[EPOCH LOSSES]
0
1
2
3
4
5
6
7
8
9
10
11
12
13
14
15
16
17
18
19

[SETTINGS]
ROOT_PATH	C:\Program Files\Python311\Lib\site-packages\thehow\dependency_probe
MODEL_NAME	bert_large_uncased
MODEL_PATH	D:\transformers\bert\bert_large_uncased
MODEL_NLAYER	24
NDIM_TOKEN_EMBEDDING	1024
MODEL_CUDA	False
ONSITE_EMBEDDINGS	False
HIDDEN_LAYER	3
ONSITE_PROBES	True
LEARNING_RATE	0.001
PROBE_RANK	32
PROBE_CUDA	False
BATCH_SIZE	100
PROBE_SAVEPATH	C:\Program Files\Python311\Lib\site-packages\thehow\dependency_probe\probes
EPOCHS	20
PROBE_LOSS_POW	2
CONLL_ALIAS	wsj
CONLL_PATH	C:\Program Files\Python311\Lib\site-packages\thehow\dependency_probe\datasets\conll\wsj
TRAIN_CONLL_PATH	C:\Program Files\Python311\Lib\site-packages\thehow\dependency_probe\datasets\conll\wsj\en_wsj-ud-train.conllu
DEV_CONLL_PATH	C:\Program Files\Python311\Lib\site-packages\thehow\dependency_probe\datasets\conll\wsj\en_wsj-ud-dev.conllu
TEST_CONLL_PATH	C:\Program Files\Python311\Lib\site-packages\thehow\dependency_probe\datasets\conll\wsj\en_wsj-ud-test.conllu
DEPD_DIRECTED	False
DATASET_PKL_PATH	C:\Program Files\Python311\Lib\site-packages\thehow\dependency_probe\datasets\pkl
REPORTS_PATH	C:\Program Files\Python311\Lib\site-packages\thehow\dependency_probe\reports
METHOD	pairwisedepd
