[Mean spearmanr for sents of len 5-50]
0.6932449862886322

[UUAS]
0.4842919918672526

[SPEARMANR]
sent_len	mean_spearmanr
2	0.9999999999999998
3	0.8532685848747931
4	0.7294170542513252
5	0.6921844947064533
6	0.7384417379271729
7	0.6884202384815875
8	0.6927870949414904
9	0.6788834559926316
10	0.7002498330949382
11	0.685806487876986
12	0.7138121757648933
13	0.7008492013261314
14	0.6768054489173605
15	0.6943596100006417
16	0.7034437209511353
17	0.6950712324313744
18	0.6946766902663343
19	0.6917108497273481
20	0.6922270569237465
21	0.6875912656506468
22	0.6941339393534811
23	0.6920589309470422
24	0.693788851960762
25	0.6805203614941899
26	0.6825730546116613
27	0.6892171873135752
28	0.7021108030468992
29	0.6919933571561845
30	0.6863272034863183
31	0.7032544308386935
32	0.7006479247693993
33	0.6859678990255051
34	0.7084837021231001
35	0.6740734338620118
36	0.7041601339891226
37	0.6990692136836744
38	0.6893822067589078
39	0.6864133280973658
40	0.7004848094421763
41	0.6722343150372236
42	0.6861869201089965
43	0.6742117283937644
44	0.710434403899067
45	0.7082661015684211
46	0.6998710711523489
47	0.685192710723796
48	0.6987831500897904
49	0.6679188593164366
50	0.6941887420462926
51	0.7116140881770261
52	0.7145700058838345
53	0.685052434247659
54	0.6387945340610803
55	0.7042288798851579
56	0.6299639125002546
57	0.6369688001604147
58	0.6875914035174748
59	0.681708316826814
60	0.3993957418444231
61	0.5989208711952748
62	0.6703177301465139
63	0.642998740249184
64	0.60925145031297
65	0.6936410211611268
66	0.715380221431296
67	0.610788066212664
69	0.5890075030792851
90	0.41546271954017117
116	0.37863595703796615
118	0.36016521066075047

[EPOCH LOSSES]
0
1
2
3
4
5
6
7
8
9
10
11
12
13
14
15
16
17
18
19

[SETTINGS]
ROOT_PATH	C:\Program Files\Python311\Lib\site-packages\thehow\dependency_probe
MODEL_NAME	bert_large_uncased
MODEL_PATH	D:\transformers\bert\bert_large_uncased
MODEL_NLAYER	24
NDIM_TOKEN_EMBEDDING	1024
MODEL_CUDA	False
ONSITE_EMBEDDINGS	False
HIDDEN_LAYER	0
ONSITE_PROBES	True
LEARNING_RATE	0.001
PROBE_RANK	32
PROBE_CUDA	False
BATCH_SIZE	100
PROBE_SAVEPATH	C:\Program Files\Python311\Lib\site-packages\thehow\dependency_probe\probes
EPOCHS	20
PROBE_LOSS_POW	2
CONLL_ALIAS	wsj
CONLL_PATH	C:\Program Files\Python311\Lib\site-packages\thehow\dependency_probe\datasets\conll\wsj
TRAIN_CONLL_PATH	C:\Program Files\Python311\Lib\site-packages\thehow\dependency_probe\datasets\conll\wsj\en_wsj-ud-train.conllu
DEV_CONLL_PATH	C:\Program Files\Python311\Lib\site-packages\thehow\dependency_probe\datasets\conll\wsj\en_wsj-ud-dev.conllu
TEST_CONLL_PATH	C:\Program Files\Python311\Lib\site-packages\thehow\dependency_probe\datasets\conll\wsj\en_wsj-ud-test.conllu
DEPD_DIRECTED	False
DATASET_PKL_PATH	C:\Program Files\Python311\Lib\site-packages\thehow\dependency_probe\datasets\pkl
REPORTS_PATH	C:\Program Files\Python311\Lib\site-packages\thehow\dependency_probe\reports
METHOD	pairwisedepd
