[Mean spearmanr for sents of len 5-50]
0.7296857920061287

[UUAS]
0.4836689184757657

[SPEARMANR]
sent_len	mean_spearmanr
2	0.9999999999999998
3	0.8397550713612796
4	0.7627503875846584
5	0.6986238507923749
6	0.7370531827543447
7	0.7075276144816474
8	0.7026885557493922
9	0.7116652237899821
10	0.7245286668472184
11	0.7387352544029263
12	0.7514474227953389
13	0.747731223782144
14	0.723955244097382
15	0.7417579576550358
16	0.7496232800594225
17	0.7448106993882494
18	0.7382305801501622
19	0.7386638161964523
20	0.7427974412454778
21	0.74215872186894
22	0.7439686037768102
23	0.7410450088824035
24	0.74673494781885
25	0.7293579155677051
26	0.7272834508419423
27	0.7395811115920276
28	0.7449680873984237
29	0.738067100651437
30	0.7284970228259926
31	0.7433429032254372
32	0.7364284705022618
33	0.7250274733784209
34	0.7517618999007601
35	0.7158571669868423
36	0.7390682563200877
37	0.7347989978038068
38	0.7257529593056966
39	0.7177382444360018
40	0.7291676601261112
41	0.7069294885545696
42	0.7165352063821377
43	0.7025033766820241
44	0.7360472490116549
45	0.7317388090052422
46	0.7309546997421764
47	0.7077286878003514
48	0.7306331675753488
49	0.6838388425403626
50	0.7181908875905385
51	0.7389214846255268
52	0.738611293072532
53	0.7029514230185164
54	0.6521510199395001
55	0.6997646342555064
56	0.6468887240478712
57	0.6355744015854565
58	0.6768300384612361
59	0.6858912889213644
60	0.3340066812065002
61	0.6083785947464136
62	0.6940947452547339
63	0.6604122097372227
64	0.5850319140772885
65	0.7286742907970424
66	0.7109174507544621
67	0.5873214796275138
69	0.5263650597569514
90	0.37178664173587445
116	0.30316672493660435
118	0.3718789139669869

[EPOCH LOSSES]
0
1
2
3
4
5
6
7
8
9
10
11
12
13
14
15
16
17
18
19

[SETTINGS]
ROOT_PATH	C:\Program Files\Python311\Lib\site-packages\thehow\dependency_probe
MODEL_NAME	bert_large_uncased
MODEL_PATH	D:\transformers\bert\bert_large_uncased
MODEL_NLAYER	24
NDIM_TOKEN_EMBEDDING	1024
MODEL_CUDA	False
ONSITE_EMBEDDINGS	False
HIDDEN_LAYER	4
ONSITE_PROBES	True
LEARNING_RATE	0.001
PROBE_RANK	32
PROBE_CUDA	False
BATCH_SIZE	100
PROBE_SAVEPATH	C:\Program Files\Python311\Lib\site-packages\thehow\dependency_probe\probes
EPOCHS	20
PROBE_LOSS_POW	2
CONLL_ALIAS	wsj
CONLL_PATH	C:\Program Files\Python311\Lib\site-packages\thehow\dependency_probe\datasets\conll\wsj
TRAIN_CONLL_PATH	C:\Program Files\Python311\Lib\site-packages\thehow\dependency_probe\datasets\conll\wsj\en_wsj-ud-train.conllu
DEV_CONLL_PATH	C:\Program Files\Python311\Lib\site-packages\thehow\dependency_probe\datasets\conll\wsj\en_wsj-ud-dev.conllu
TEST_CONLL_PATH	C:\Program Files\Python311\Lib\site-packages\thehow\dependency_probe\datasets\conll\wsj\en_wsj-ud-test.conllu
DEPD_DIRECTED	False
DATASET_PKL_PATH	C:\Program Files\Python311\Lib\site-packages\thehow\dependency_probe\datasets\pkl
REPORTS_PATH	C:\Program Files\Python311\Lib\site-packages\thehow\dependency_probe\reports
METHOD	pairwisedepd
