[Mean spearmanr for sents of len 5-50]
0.8176856172964776

[UUAS]
0.5747797380905534

[SPEARMANR]
sent_len	mean_spearmanr
2	0.9999999999999998
3	0.871286602892811
4	0.7472741971084679
5	0.7103139459601284
6	0.7791612691682133
7	0.798182386642115
8	0.7626676920275963
9	0.8140595457133777
10	0.8011301453974614
11	0.8188142251401568
12	0.8296697559139465
13	0.8393971437963209
14	0.8088733233088193
15	0.8238231554174574
16	0.8311491922196117
17	0.8364275569834956
18	0.8336786817899767
19	0.8342255525781548
20	0.8272628127328292
21	0.8318538953099234
22	0.8336112509672736
23	0.8316035214664664
24	0.8345548252098669
25	0.8398235019444845
26	0.8284210973261781
27	0.835345884394273
28	0.8411180486902062
29	0.8313346311715658
30	0.8227299861129505
31	0.8342128814484747
32	0.830981517555871
33	0.8315639732675457
34	0.8424398453375432
35	0.8189097053813217
36	0.823916108481483
37	0.8241249355817717
38	0.8256734115294551
39	0.8215851801494553
40	0.8258618265197156
41	0.808866296498533
42	0.8119867827394401
43	0.7970862656944183
44	0.8141250610139078
45	0.8278839696653781
46	0.8205043379779001
47	0.8050854846784177
48	0.8123812280347392
49	0.764400815984616
50	0.7927157407151392
51	0.8490987098606888
52	0.8216776753519439
53	0.7984165417853024
54	0.7527449582549925
55	0.7544745071332823
56	0.7297155320953743
57	0.7630365700124309
58	0.7656007772038599
59	0.7559348730947444
60	0.40258099197729097
61	0.681100333487843
62	0.8170754359629759
63	0.8132513821568728
64	0.6605336632029972
65	0.7782197184979058
66	0.814751561547212
67	0.7178468073783887
69	0.6909767431571716
90	0.4979141573474488
116	0.525548127552349
118	0.4648817066896531

[EPOCH LOSSES]
0
1
2
3
4
5
6
7
8
9
10
11
12
13
14
15
16
17
18
19

[SETTINGS]
ROOT_PATH	C:\Program Files\Python311\Lib\site-packages\thehow\dependency_probe
MODEL_NAME	bert_large_uncased
MODEL_PATH	D:\transformers\bert\bert_large_uncased
MODEL_NLAYER	24
NDIM_TOKEN_EMBEDDING	1024
MODEL_CUDA	False
ONSITE_EMBEDDINGS	False
HIDDEN_LAYER	15
ONSITE_PROBES	True
LEARNING_RATE	0.001
PROBE_RANK	32
PROBE_CUDA	False
BATCH_SIZE	100
PROBE_SAVEPATH	C:\Program Files\Python311\Lib\site-packages\thehow\dependency_probe\probes
EPOCHS	20
PROBE_LOSS_POW	2
CONLL_ALIAS	wsj
CONLL_PATH	C:\Program Files\Python311\Lib\site-packages\thehow\dependency_probe\datasets\conll\wsj
TRAIN_CONLL_PATH	C:\Program Files\Python311\Lib\site-packages\thehow\dependency_probe\datasets\conll\wsj\en_wsj-ud-train.conllu
DEV_CONLL_PATH	C:\Program Files\Python311\Lib\site-packages\thehow\dependency_probe\datasets\conll\wsj\en_wsj-ud-dev.conllu
TEST_CONLL_PATH	C:\Program Files\Python311\Lib\site-packages\thehow\dependency_probe\datasets\conll\wsj\en_wsj-ud-test.conllu
DEPD_DIRECTED	False
DATASET_PKL_PATH	C:\Program Files\Python311\Lib\site-packages\thehow\dependency_probe\datasets\pkl
REPORTS_PATH	C:\Program Files\Python311\Lib\site-packages\thehow\dependency_probe\reports
METHOD	pairwisedepd
