[Mean spearmanr for sents of len 5-50]
0.6435283745312763

[UUAS]
0.4598609562536892

[SPEARMANR]
sent_len	mean_spearmanr
2	0.9999999999999998
3	0.826241557847766
4	0.7186218497149092
5	0.6626037633544132
6	0.6983218628780835
7	0.6646008555782205
8	0.651072545099322
9	0.6857749961448741
10	0.65805683720553
11	0.6584546205603256
12	0.6649061835517043
13	0.6748373317735442
14	0.6622509481568218
15	0.6519397034296678
16	0.6539150797414949
17	0.6514706013153936
18	0.658527369555461
19	0.6535348678313422
20	0.6461979510197086
21	0.6467152636179029
22	0.6403057359082948
23	0.641516726549694
24	0.6423434377375608
25	0.6433592806772659
26	0.644055487281008
27	0.6428799236097643
28	0.6429763561224979
29	0.6427069382379956
30	0.6204733026950747
31	0.6485404296877244
32	0.6501965464033453
33	0.652098425478684
34	0.6532603550390323
35	0.6223371419890075
36	0.636377836607596
37	0.6295192563537445
38	0.6135505343517533
39	0.632032665952702
40	0.6425101581943493
41	0.6171579220787785
42	0.6348448671243182
43	0.6263519981663209
44	0.6350983932880181
45	0.6380050486548207
46	0.6340833304717536
47	0.6309889116722133
48	0.6048761214549023
49	0.6046393649542867
50	0.5920379508823879
51	0.6489964937448814
52	0.6164828731457335
53	0.6296531237021717
54	0.5686536729673908
55	0.5903144763444379
56	0.5738986810596666
57	0.6143173117301044
58	0.5793133984281666
59	0.5396790194561469
60	0.31182814628057065
61	0.5813531002309945
62	0.6223502325176398
63	0.521222693943753
64	0.5033519442346586
65	0.5960343288212688
66	0.6245030048501897
67	0.560718776754029
69	0.5817984921091948
90	0.45985573088890064
116	0.4051816904995149
118	0.3762667694353305

[EPOCH LOSSES]
0
1
2
3
4
5
6
7
8
9
10
11
12
13
14
15
16
17
18
19

[SETTINGS]
ROOT_PATH	C:\Program Files\Python311\Lib\site-packages\thehow\dependency_probe
MODEL_NAME	bert_large_uncased
MODEL_PATH	D:\transformers\bert\bert_large_uncased
MODEL_NLAYER	24
NDIM_TOKEN_EMBEDDING	1024
MODEL_CUDA	False
ONSITE_EMBEDDINGS	False
HIDDEN_LAYER	24
ONSITE_PROBES	True
LEARNING_RATE	0.001
PROBE_RANK	32
PROBE_CUDA	False
BATCH_SIZE	100
PROBE_SAVEPATH	C:\Program Files\Python311\Lib\site-packages\thehow\dependency_probe\probes
EPOCHS	20
PROBE_LOSS_POW	2
CONLL_ALIAS	wsj
CONLL_PATH	C:\Program Files\Python311\Lib\site-packages\thehow\dependency_probe\datasets\conll\wsj
TRAIN_CONLL_PATH	C:\Program Files\Python311\Lib\site-packages\thehow\dependency_probe\datasets\conll\wsj\en_wsj-ud-train.conllu
DEV_CONLL_PATH	C:\Program Files\Python311\Lib\site-packages\thehow\dependency_probe\datasets\conll\wsj\en_wsj-ud-dev.conllu
TEST_CONLL_PATH	C:\Program Files\Python311\Lib\site-packages\thehow\dependency_probe\datasets\conll\wsj\en_wsj-ud-test.conllu
DEPD_DIRECTED	False
DATASET_PKL_PATH	C:\Program Files\Python311\Lib\site-packages\thehow\dependency_probe\datasets\pkl
REPORTS_PATH	C:\Program Files\Python311\Lib\site-packages\thehow\dependency_probe\reports
METHOD	pairwisedepd
