[Mean spearmanr for sents of len 5-50]
0.7135241069240962

[UUAS]
0.4741916442578868

[SPEARMANR]
sent_len	mean_spearmanr
2	0.9999999999999998
3	0.835250566856775
4	0.7072157320600471
5	0.6114337766075718
6	0.7252392662249016
7	0.6743482485529333
8	0.6765641275918962
9	0.7017802621345052
10	0.7050980911313603
11	0.7240975224575915
12	0.7395166335211608
13	0.7422225608112267
14	0.7151580435442337
15	0.7264782403904537
16	0.7409094751095362
17	0.7354597027129681
18	0.732280183645658
19	0.7318924654374566
20	0.733387529050689
21	0.7355626770571454
22	0.7359495708046767
23	0.7277294326612977
24	0.7322438356940445
25	0.7232824582935627
26	0.7194692781405636
27	0.7285811185868067
28	0.7337284031476967
29	0.7195173741893648
30	0.7132869038372771
31	0.7295941478322638
32	0.7300036804292751
33	0.7166291024928879
34	0.7346381101494449
35	0.7034063821905331
36	0.7204799704206128
37	0.7200632305782123
38	0.7096579829698314
39	0.7036655938729593
40	0.7126060463528856
41	0.6912515129006053
42	0.697520046844268
43	0.6835234984504818
44	0.7132194391079298
45	0.7115274129312618
46	0.7089610574865844
47	0.6931672423809259
48	0.6955874349397341
49	0.6667886201635904
50	0.6946012246775558
51	0.7340653678143878
52	0.7205876906847346
53	0.6927740247078343
54	0.636747371875244
55	0.68481067428445
56	0.6244773348047294
57	0.612511160278925
58	0.6480573638356038
59	0.6647404858366243
60	0.3172597917220953
61	0.5940381524865719
62	0.6864227790304064
63	0.6523742047722376
64	0.5619585443656492
65	0.7370450627043716
66	0.690469943326515
67	0.5739473457614515
69	0.5084203551041122
90	0.36485593601095573
116	0.32883605393296284
118	0.3996088866934654

[EPOCH LOSSES]
0
1
2
3
4
5
6
7
8
9
10
11
12
13
14
15
16
17
18
19

[SETTINGS]
ROOT_PATH	C:\Program Files\Python311\Lib\site-packages\thehow\dependency_probe
MODEL_NAME	bert_large_uncased
MODEL_PATH	D:\transformers\bert\bert_large_uncased
MODEL_NLAYER	24
NDIM_TOKEN_EMBEDDING	1024
MODEL_CUDA	False
ONSITE_EMBEDDINGS	False
HIDDEN_LAYER	6
ONSITE_PROBES	True
LEARNING_RATE	0.001
PROBE_RANK	32
PROBE_CUDA	False
BATCH_SIZE	100
PROBE_SAVEPATH	C:\Program Files\Python311\Lib\site-packages\thehow\dependency_probe\probes
EPOCHS	20
PROBE_LOSS_POW	2
CONLL_ALIAS	wsj
CONLL_PATH	C:\Program Files\Python311\Lib\site-packages\thehow\dependency_probe\datasets\conll\wsj
TRAIN_CONLL_PATH	C:\Program Files\Python311\Lib\site-packages\thehow\dependency_probe\datasets\conll\wsj\en_wsj-ud-train.conllu
DEV_CONLL_PATH	C:\Program Files\Python311\Lib\site-packages\thehow\dependency_probe\datasets\conll\wsj\en_wsj-ud-dev.conllu
TEST_CONLL_PATH	C:\Program Files\Python311\Lib\site-packages\thehow\dependency_probe\datasets\conll\wsj\en_wsj-ud-test.conllu
DEPD_DIRECTED	False
DATASET_PKL_PATH	C:\Program Files\Python311\Lib\site-packages\thehow\dependency_probe\datasets\pkl
REPORTS_PATH	C:\Program Files\Python311\Lib\site-packages\thehow\dependency_probe\reports
METHOD	pairwisedepd
