[Mean spearmanr for sents of len 5-50]
0.74232451636503

[UUAS]
0.48334098511182527

[SPEARMANR]
sent_len	mean_spearmanr
2	0.9999999999999998
3	0.79020552181173
4	0.7107558105850593
5	0.6233440628586735
6	0.6952784506408193
7	0.7051755382131193
8	0.6955751737015878
9	0.7288164344031834
10	0.7269826577634021
11	0.7429712632108941
12	0.7628678919330631
13	0.7711901378597424
14	0.7427086119997455
15	0.759876543100377
16	0.7635560838670056
17	0.7604602419561328
18	0.7584374062302496
19	0.7595523172038307
20	0.7578800182391069
21	0.764660905305557
22	0.7637718104378542
23	0.7573549281641191
24	0.7591504962674516
25	0.75463847995726
26	0.7470367781739321
27	0.7622644267003864
28	0.7634447634864818
29	0.7560176744143892
30	0.7455957123805216
31	0.7593419199635192
32	0.7627035588790584
33	0.7477361140259359
34	0.7723268362925187
35	0.7362665667478776
36	0.7516849384122275
37	0.7506408911346167
38	0.7478248070586626
39	0.7421074764277161
40	0.7474962449212911
41	0.7242335069810424
42	0.7334250564058862
43	0.7252026368225163
44	0.7421748089640201
45	0.744438537685372
46	0.7440259538703801
47	0.7273209784421057
48	0.740372324408224
49	0.6924644098919579
50	0.7265313769875625
51	0.7525316664704617
52	0.7480872406664519
53	0.7119978146762477
54	0.6791113317308382
55	0.702092206817423
56	0.6506819940483684
57	0.6495581416479256
58	0.7004392085818322
59	0.6910522969978635
60	0.3065852347149253
61	0.6089587381521383
62	0.7025454754634678
63	0.6984451007663536
64	0.599037719412384
65	0.7603485527399623
66	0.7311771578525348
67	0.6188012072083554
69	0.5668057870941327
90	0.4377150467741921
116	0.44181298102868777
118	0.4440868127863256

[EPOCH LOSSES]
0
1
2
3
4
5
6
7
8
9
10
11
12
13
14
15
16
17
18
19

[SETTINGS]
ROOT_PATH	C:\Program Files\Python311\Lib\site-packages\thehow\dependency_probe
MODEL_NAME	bert_large_uncased
MODEL_PATH	D:\transformers\bert\bert_large_uncased
MODEL_NLAYER	24
NDIM_TOKEN_EMBEDDING	1024
MODEL_CUDA	False
ONSITE_EMBEDDINGS	False
HIDDEN_LAYER	9
ONSITE_PROBES	True
LEARNING_RATE	0.001
PROBE_RANK	32
PROBE_CUDA	False
BATCH_SIZE	100
PROBE_SAVEPATH	C:\Program Files\Python311\Lib\site-packages\thehow\dependency_probe\probes
EPOCHS	20
PROBE_LOSS_POW	2
CONLL_ALIAS	wsj
CONLL_PATH	C:\Program Files\Python311\Lib\site-packages\thehow\dependency_probe\datasets\conll\wsj
TRAIN_CONLL_PATH	C:\Program Files\Python311\Lib\site-packages\thehow\dependency_probe\datasets\conll\wsj\en_wsj-ud-train.conllu
DEV_CONLL_PATH	C:\Program Files\Python311\Lib\site-packages\thehow\dependency_probe\datasets\conll\wsj\en_wsj-ud-dev.conllu
TEST_CONLL_PATH	C:\Program Files\Python311\Lib\site-packages\thehow\dependency_probe\datasets\conll\wsj\en_wsj-ud-test.conllu
DEPD_DIRECTED	False
DATASET_PKL_PATH	C:\Program Files\Python311\Lib\site-packages\thehow\dependency_probe\datasets\pkl
REPORTS_PATH	C:\Program Files\Python311\Lib\site-packages\thehow\dependency_probe\reports
METHOD	pairwisedepd
