[Mean spearmanr for sents of len 5-50]
0.7666313099795998

[UUAS]
0.5331977875429046

[SPEARMANR]
sent_len	mean_spearmanr
2	0.9999999999999998
3	0.8397550713612796
4	0.70007287491719
5	0.6534353199490011
6	0.7133718688205491
7	0.7379306844827933
8	0.7121592875918463
9	0.7494070986421052
10	0.7463300605654477
11	0.7558166985263545
12	0.7517422008999634
13	0.7708508210455527
14	0.7442660836814355
15	0.7717503781366227
16	0.7683998673892597
17	0.7655339435155469
18	0.7692517846938504
19	0.775941090904757
20	0.7692990499286965
21	0.7740790562440991
22	0.7746111757747653
23	0.7752949614230308
24	0.7720237675133594
25	0.782984749863775
26	0.7792956181788909
27	0.7801685197207284
28	0.7878718846240818
29	0.7835716296090569
30	0.7720223920812547
31	0.7905017168831275
32	0.7901708759339513
33	0.7924812645520705
34	0.7969925980616102
35	0.7715899880904841
36	0.7750410672831063
37	0.7801052992290496
38	0.7726587171916631
39	0.7780404403803854
40	0.7878222575406888
41	0.7771524467671771
42	0.7691731459027635
43	0.7682511592382604
44	0.7929414429265388
45	0.7850438641340605
46	0.7828285768865582
47	0.764356895872392
48	0.7612061057126245
49	0.7423830812868717
50	0.7488893213813813
51	0.8013511000949043
52	0.7588109724307018
53	0.7747113120428765
54	0.7215958608669378
55	0.7436166467444206
56	0.6656393190175619
57	0.7284817255020187
58	0.7201795996072199
59	0.6752138678000694
60	0.39984936172981617
61	0.6560477127586473
62	0.8036522272005369
63	0.781120494336878
64	0.6347028769086391
65	0.7242828342627368
66	0.7778461808134962
67	0.6589736330243996
69	0.6939751624127924
90	0.5443166238826511
116	0.5157416290747739
118	0.4376951462117103

[EPOCH LOSSES]
0
1
2
3
4
5
6
7
8
9
10
11
12
13
14
15
16
17
18
19

[SETTINGS]
ROOT_PATH	C:\Program Files\Python311\Lib\site-packages\thehow\dependency_probe
MODEL_NAME	bert_large_uncased
MODEL_PATH	D:\transformers\bert\bert_large_uncased
MODEL_NLAYER	24
NDIM_TOKEN_EMBEDDING	1024
MODEL_CUDA	False
ONSITE_EMBEDDINGS	False
HIDDEN_LAYER	20
ONSITE_PROBES	True
LEARNING_RATE	0.001
PROBE_RANK	32
PROBE_CUDA	False
BATCH_SIZE	100
PROBE_SAVEPATH	C:\Program Files\Python311\Lib\site-packages\thehow\dependency_probe\probes
EPOCHS	20
PROBE_LOSS_POW	2
CONLL_ALIAS	wsj
CONLL_PATH	C:\Program Files\Python311\Lib\site-packages\thehow\dependency_probe\datasets\conll\wsj
TRAIN_CONLL_PATH	C:\Program Files\Python311\Lib\site-packages\thehow\dependency_probe\datasets\conll\wsj\en_wsj-ud-train.conllu
DEV_CONLL_PATH	C:\Program Files\Python311\Lib\site-packages\thehow\dependency_probe\datasets\conll\wsj\en_wsj-ud-dev.conllu
TEST_CONLL_PATH	C:\Program Files\Python311\Lib\site-packages\thehow\dependency_probe\datasets\conll\wsj\en_wsj-ud-test.conllu
DEPD_DIRECTED	False
DATASET_PKL_PATH	C:\Program Files\Python311\Lib\site-packages\thehow\dependency_probe\datasets\pkl
REPORTS_PATH	C:\Program Files\Python311\Lib\site-packages\thehow\dependency_probe\reports
METHOD	pairwisedepd
