[Mean spearmanr for sents of len 5-50]
0.7327554149847986

[UUAS]
0.4823790472442666

[SPEARMANR]
sent_len	mean_spearmanr
2	0.9999999999999998
3	0.799214530820739
4	0.7119462867755354
5	0.6170551411896329
6	0.7035508783973669
7	0.6907925507661802
8	0.7016266446602742
9	0.7173663780582111
10	0.7244527669290743
11	0.7377017119458302
12	0.7542321991088743
13	0.7604440428189573
14	0.7364640263151533
15	0.7468428906605497
16	0.7554020640167237
17	0.7495421713841758
18	0.7538339185859605
19	0.7496812488494743
20	0.7488754170866678
21	0.7540177151240331
22	0.7509941829288931
23	0.7460546189017571
24	0.7468141002505071
25	0.7433297703769349
26	0.735299208887292
27	0.7499351597471227
28	0.7527661739315827
29	0.7428896067731668
30	0.7333952417654317
31	0.7497652067268089
32	0.752221879503331
33	0.7351195360878031
34	0.7537393452937134
35	0.7233307260486199
36	0.7408693714368066
37	0.7370683359991465
38	0.7336630274166684
39	0.7291595221226855
40	0.7370797887865687
41	0.7178024338856768
42	0.7237211394482921
43	0.7121872503029828
44	0.7351611918640074
45	0.7339986947370174
46	0.7320739952682892
47	0.7192672678405162
48	0.728669153075203
49	0.6867973129766143
50	0.7216940810201558
51	0.7528816199493034
52	0.7393395401008539
53	0.7056778124726161
54	0.672716920484445
55	0.7005253430254711
56	0.656281193306491
57	0.6469501650282022
58	0.6916130530487008
59	0.6950046491231524
60	0.3217464671569445
61	0.6162355808496222
62	0.7208102825039479
63	0.6875834985486969
64	0.5901596538427188
65	0.770844154999201
66	0.721919342662939
67	0.5952348575661696
69	0.5691131862682197
90	0.4203377747013497
116	0.41910233509897404
118	0.43740877656207194

[EPOCH LOSSES]
0
1
2
3
4
5
6
7
8
9
10
11
12
13
14
15
16
17
18
19

[SETTINGS]
ROOT_PATH	C:\Program Files\Python311\Lib\site-packages\thehow\dependency_probe
MODEL_NAME	bert_large_uncased
MODEL_PATH	D:\transformers\bert\bert_large_uncased
MODEL_NLAYER	24
NDIM_TOKEN_EMBEDDING	1024
MODEL_CUDA	False
ONSITE_EMBEDDINGS	False
HIDDEN_LAYER	8
ONSITE_PROBES	True
LEARNING_RATE	0.001
PROBE_RANK	32
PROBE_CUDA	False
BATCH_SIZE	100
PROBE_SAVEPATH	C:\Program Files\Python311\Lib\site-packages\thehow\dependency_probe\probes
EPOCHS	20
PROBE_LOSS_POW	2
CONLL_ALIAS	wsj
CONLL_PATH	C:\Program Files\Python311\Lib\site-packages\thehow\dependency_probe\datasets\conll\wsj
TRAIN_CONLL_PATH	C:\Program Files\Python311\Lib\site-packages\thehow\dependency_probe\datasets\conll\wsj\en_wsj-ud-train.conllu
DEV_CONLL_PATH	C:\Program Files\Python311\Lib\site-packages\thehow\dependency_probe\datasets\conll\wsj\en_wsj-ud-dev.conllu
TEST_CONLL_PATH	C:\Program Files\Python311\Lib\site-packages\thehow\dependency_probe\datasets\conll\wsj\en_wsj-ud-test.conllu
DEPD_DIRECTED	False
DATASET_PKL_PATH	C:\Program Files\Python311\Lib\site-packages\thehow\dependency_probe\datasets\pkl
REPORTS_PATH	C:\Program Files\Python311\Lib\site-packages\thehow\dependency_probe\reports
METHOD	pairwisedepd
