[Mean spearmanr for sents of len 5-50]
0.816237091095904

[UUAS]
0.5738505935593887

[SPEARMANR]
sent_len	mean_spearmanr
2	0.9999999999999998
3	0.871286602892811
4	0.760369435203706
5	0.6929780936706138
6	0.7842568382557812
7	0.7950120048286332
8	0.7820071934299703
9	0.8090216380561642
10	0.8031496626345045
11	0.8196422402259161
12	0.8348674468474233
13	0.8452742535018455
14	0.8087626831025091
15	0.8268971945008392
16	0.8287516210181206
17	0.8364944218736322
18	0.8330759120629427
19	0.8339606167177605
20	0.8265082964979071
21	0.8290922907269358
22	0.8336962400988603
23	0.8328725407509029
24	0.835006735294571
25	0.8382775082865839
26	0.8242465022399506
27	0.831496331433344
28	0.8379223539474643
29	0.8293412038572638
30	0.8195055697657333
31	0.8314513693433906
32	0.828898493742607
33	0.8240517756499762
34	0.8396555156147251
35	0.8167056599037936
36	0.8209984458954293
37	0.8204701196201087
38	0.8233730467792003
39	0.8189000414314299
40	0.8232538514303644
41	0.8066404736293742
42	0.8084749116238074
43	0.7933966177714762
44	0.812366313214346
45	0.8210474610715428
46	0.8168238930840339
47	0.8077319134192351
48	0.8083176239794421
49	0.7574646214396931
50	0.7947666481414343
51	0.8412726931629255
52	0.8226649776429239
53	0.7868054239544326
54	0.7428285053109375
55	0.7533977547261413
56	0.7278174758760927
57	0.7491796169364658
58	0.7750770261051981
59	0.7461335064657157
60	0.39698222726659776
61	0.667022562319798
62	0.8034794933838951
63	0.8048104905853269
64	0.6569642374963975
65	0.794069315178091
66	0.8093922862630859
67	0.7066570363364711
69	0.6714305922590976
90	0.4958002012408316
116	0.5299300852122657
118	0.4798819860480541

[EPOCH LOSSES]
0
1
2
3
4
5
6
7
8
9
10
11
12
13
14
15
16
17
18
19

[SETTINGS]
ROOT_PATH	C:\Program Files\Python311\Lib\site-packages\thehow\dependency_probe
MODEL_NAME	bert_large_uncased
MODEL_PATH	D:\transformers\bert\bert_large_uncased
MODEL_NLAYER	24
NDIM_TOKEN_EMBEDDING	1024
MODEL_CUDA	False
ONSITE_EMBEDDINGS	False
HIDDEN_LAYER	14
ONSITE_PROBES	True
LEARNING_RATE	0.001
PROBE_RANK	32
PROBE_CUDA	False
BATCH_SIZE	100
PROBE_SAVEPATH	C:\Program Files\Python311\Lib\site-packages\thehow\dependency_probe\probes
EPOCHS	20
PROBE_LOSS_POW	2
CONLL_ALIAS	wsj
CONLL_PATH	C:\Program Files\Python311\Lib\site-packages\thehow\dependency_probe\datasets\conll\wsj
TRAIN_CONLL_PATH	C:\Program Files\Python311\Lib\site-packages\thehow\dependency_probe\datasets\conll\wsj\en_wsj-ud-train.conllu
DEV_CONLL_PATH	C:\Program Files\Python311\Lib\site-packages\thehow\dependency_probe\datasets\conll\wsj\en_wsj-ud-dev.conllu
TEST_CONLL_PATH	C:\Program Files\Python311\Lib\site-packages\thehow\dependency_probe\datasets\conll\wsj\en_wsj-ud-test.conllu
DEPD_DIRECTED	False
DATASET_PKL_PATH	C:\Program Files\Python311\Lib\site-packages\thehow\dependency_probe\datasets\pkl
REPORTS_PATH	C:\Program Files\Python311\Lib\site-packages\thehow\dependency_probe\reports
METHOD	pairwisedepd
