[Mean spearmanr for sents of len 5-50]
0.7778270750730577

[UUAS]
0.5467960910343018

[SPEARMANR]
sent_len	mean_spearmanr
2	0.9999999999999998
3	0.8037190353252435
4	0.6831007516913002
5	0.6787427763077626
6	0.7270682157463412
7	0.7436361995493569
8	0.7219230030212881
9	0.7676112230876927
10	0.7518909371706758
11	0.7684119786667537
12	0.7706217262268591
13	0.7815509985955863
14	0.7574335620027743
15	0.7790113572458615
16	0.7816592573497368
17	0.7818779618576684
18	0.7848566367495607
19	0.7862645485817641
20	0.7813230126915064
21	0.7875228686931468
22	0.7863026389641504
23	0.7869284275068572
24	0.7896653437559936
25	0.7922444755185772
26	0.7902948711036274
27	0.793134320664542
28	0.7994601165786116
29	0.7941013442210011
30	0.7841447622214106
31	0.8015414968493405
32	0.801274878616809
33	0.8036009951774127
34	0.8100021632350848
35	0.781545409532732
36	0.7848882600939369
37	0.7930375920104997
38	0.7881156453117178
39	0.7907437634194691
40	0.8000655930053561
41	0.7878858266308677
42	0.7786523760633655
43	0.7796097681450266
44	0.7955904024716672
45	0.7910796541436524
46	0.7898772447526027
47	0.7706965197795707
48	0.7699349954262925
49	0.7401342296644425
50	0.7540860749517103
51	0.8119031161379602
52	0.7625760572060091
53	0.7995456663646469
54	0.7193176446665199
55	0.7368179400383771
56	0.68763080087573
57	0.7240482721410496
58	0.7396292369003103
59	0.6915470175832049
60	0.4279203562549331
61	0.6596689401145598
62	0.8160805533576893
63	0.8070908766608434
64	0.6438123565317635
65	0.739038274535944
66	0.7445959040199294
67	0.6570634786313465
69	0.7170023193340149
90	0.554879523341197
116	0.5163413243734852
118	0.46286674127465227

[EPOCH LOSSES]
0
1
2
3
4
5
6
7
8
9
10
11
12
13
14
15
16
17
18
19

[SETTINGS]
ROOT_PATH	C:\Program Files\Python311\Lib\site-packages\thehow\dependency_probe
MODEL_NAME	bert_large_uncased
MODEL_PATH	D:\transformers\bert\bert_large_uncased
MODEL_NLAYER	24
NDIM_TOKEN_EMBEDDING	1024
MODEL_CUDA	False
ONSITE_EMBEDDINGS	False
HIDDEN_LAYER	19
ONSITE_PROBES	True
LEARNING_RATE	0.001
PROBE_RANK	32
PROBE_CUDA	False
BATCH_SIZE	100
PROBE_SAVEPATH	C:\Program Files\Python311\Lib\site-packages\thehow\dependency_probe\probes
EPOCHS	20
PROBE_LOSS_POW	2
CONLL_ALIAS	wsj
CONLL_PATH	C:\Program Files\Python311\Lib\site-packages\thehow\dependency_probe\datasets\conll\wsj
TRAIN_CONLL_PATH	C:\Program Files\Python311\Lib\site-packages\thehow\dependency_probe\datasets\conll\wsj\en_wsj-ud-train.conllu
DEV_CONLL_PATH	C:\Program Files\Python311\Lib\site-packages\thehow\dependency_probe\datasets\conll\wsj\en_wsj-ud-dev.conllu
TEST_CONLL_PATH	C:\Program Files\Python311\Lib\site-packages\thehow\dependency_probe\datasets\conll\wsj\en_wsj-ud-test.conllu
DEPD_DIRECTED	False
DATASET_PKL_PATH	C:\Program Files\Python311\Lib\site-packages\thehow\dependency_probe\datasets\pkl
REPORTS_PATH	C:\Program Files\Python311\Lib\site-packages\thehow\dependency_probe\reports
METHOD	pairwisedepd
