[Mean spearmanr for sents of len 5-50]
0.6922228615888807

[UUAS]
0.4900964124089985

[SPEARMANR]
sent_len	mean_spearmanr
2	0.9999999999999998
3	0.8217370533432615
4	0.7255401691206733
5	0.639301942058177
6	0.7140104871879994
7	0.6808830610455563
8	0.6739166560675234
9	0.7096026558508965
10	0.6919806585352569
11	0.6980921389155531
12	0.6954279294262208
13	0.7133587244577116
14	0.693703745554928
15	0.7065293710556076
16	0.7026621454458826
17	0.6940170770922335
18	0.6989573015103822
19	0.7027355957023967
20	0.6969851509902126
21	0.7029645208567863
22	0.6919559616739273
23	0.6981740672326363
24	0.697008883881668
25	0.69842709151601
26	0.7010006742065332
27	0.6961279608563443
28	0.7012725762343817
29	0.700833342357662
30	0.6807047823512251
31	0.7086243934509223
32	0.7076840187529524
33	0.7094488599108978
34	0.7149324124466218
35	0.6823808778552929
36	0.6909171325540364
37	0.6842886891577387
38	0.672012811490931
39	0.6966064357047316
40	0.7015188634635839
41	0.6764765449634257
42	0.6914163543989902
43	0.6766128546766523
44	0.693042341804432
45	0.7001382448974638
46	0.6894109423458237
47	0.6746098693547157
48	0.6730222595263518
49	0.6590634361325033
50	0.6594097881367335
51	0.7049792264686318
52	0.6782549409778582
53	0.6904986702093324
54	0.6285863120809183
55	0.6524720241028926
56	0.6124386354175195
57	0.6555268609084623
58	0.6339876103241534
59	0.5883356513092296
60	0.37096054001114476
61	0.6044953228555442
62	0.7031418053585106
63	0.6317143279931655
64	0.5632447124404605
65	0.6860022554487163
66	0.6634492849007083
67	0.5855587547113311
69	0.6398302062475808
90	0.4967030981995881
116	0.4513363220597367
118	0.39878151941879353

[EPOCH LOSSES]
0
1
2
3
4
5
6
7
8
9
10
11
12
13
14
15
16
17
18
19

[SETTINGS]
ROOT_PATH	C:\Program Files\Python311\Lib\site-packages\thehow\dependency_probe
MODEL_NAME	bert_large_uncased
MODEL_PATH	D:\transformers\bert\bert_large_uncased
MODEL_NLAYER	24
NDIM_TOKEN_EMBEDDING	1024
MODEL_CUDA	False
ONSITE_EMBEDDINGS	False
HIDDEN_LAYER	21
ONSITE_PROBES	True
LEARNING_RATE	0.001
PROBE_RANK	32
PROBE_CUDA	False
BATCH_SIZE	100
PROBE_SAVEPATH	C:\Program Files\Python311\Lib\site-packages\thehow\dependency_probe\probes
EPOCHS	20
PROBE_LOSS_POW	2
CONLL_ALIAS	wsj
CONLL_PATH	C:\Program Files\Python311\Lib\site-packages\thehow\dependency_probe\datasets\conll\wsj
TRAIN_CONLL_PATH	C:\Program Files\Python311\Lib\site-packages\thehow\dependency_probe\datasets\conll\wsj\en_wsj-ud-train.conllu
DEV_CONLL_PATH	C:\Program Files\Python311\Lib\site-packages\thehow\dependency_probe\datasets\conll\wsj\en_wsj-ud-dev.conllu
TEST_CONLL_PATH	C:\Program Files\Python311\Lib\site-packages\thehow\dependency_probe\datasets\conll\wsj\en_wsj-ud-test.conllu
DEPD_DIRECTED	False
DATASET_PKL_PATH	C:\Program Files\Python311\Lib\site-packages\thehow\dependency_probe\datasets\pkl
REPORTS_PATH	C:\Program Files\Python311\Lib\site-packages\thehow\dependency_probe\reports
METHOD	pairwisedepd
