[Mean spearmanr for sents of len 5-50]
0.7602008276461509

[UUAS]
0.5153035569838875

[SPEARMANR]
sent_len	mean_spearmanr
2	0.9999999999999998
3	0.8037190353252435
4	0.706106174691701
5	0.6620689932793025
6	0.738119592115204
7	0.7360360094826686
8	0.730015225661987
9	0.7623912893323228
10	0.7533694789733991
11	0.7664460564534081
12	0.7843214978109206
13	0.7930083506501224
14	0.7549321804936613
15	0.77688123812248
16	0.7848755027845563
17	0.7793216251581033
18	0.7769917148773609
19	0.7779108939464779
20	0.7719046779028846
21	0.7829786384685831
22	0.7765112896997609
23	0.7735041493858097
24	0.7793304694741422
25	0.7724725574567316
26	0.766342376442565
27	0.7803456857495975
28	0.7826465018515226
29	0.774369208506284
30	0.761085147665345
31	0.7741354898042926
32	0.7764336048806554
33	0.7628035540276084
34	0.7851569555606001
35	0.7478538252650464
36	0.7647745826920497
37	0.7655784309196729
38	0.7661525725250967
39	0.7554330488524916
40	0.7617188702713871
41	0.7395229042388991
42	0.7448207384357295
43	0.736785941529233
44	0.7542584158438383
45	0.7563002129189293
46	0.7530158708201564
47	0.7371682110225506
48	0.7532817231905323
49	0.6964583344564182
50	0.7394044327225596
51	0.7627419325604248
52	0.7604884960025641
53	0.7195106888161072
54	0.6787103530345444
55	0.7129905073388735
56	0.6594594979660018
57	0.6672710840056036
58	0.7117881521439956
59	0.693497975237655
60	0.30488687722304336
61	0.6197772090082512
62	0.7055168547724733
63	0.7077182106254118
64	0.6034050560374677
65	0.7545174099388892
66	0.735143362350754
67	0.6502613084277951
69	0.5746657847702809
90	0.4396496696292511
116	0.4641553760333016
118	0.43835938417213693

[EPOCH LOSSES]
0
1
2
3
4
5
6
7
8
9
10
11
12
13
14
15
16
17
18
19

[SETTINGS]
ROOT_PATH	C:\Program Files\Python311\Lib\site-packages\thehow\dependency_probe
MODEL_NAME	bert_large_uncased
MODEL_PATH	D:\transformers\bert\bert_large_uncased
MODEL_NLAYER	24
NDIM_TOKEN_EMBEDDING	1024
MODEL_CUDA	False
ONSITE_EMBEDDINGS	False
HIDDEN_LAYER	10
ONSITE_PROBES	True
LEARNING_RATE	0.001
PROBE_RANK	32
PROBE_CUDA	False
BATCH_SIZE	100
PROBE_SAVEPATH	C:\Program Files\Python311\Lib\site-packages\thehow\dependency_probe\probes
EPOCHS	20
PROBE_LOSS_POW	2
CONLL_ALIAS	wsj
CONLL_PATH	C:\Program Files\Python311\Lib\site-packages\thehow\dependency_probe\datasets\conll\wsj
TRAIN_CONLL_PATH	C:\Program Files\Python311\Lib\site-packages\thehow\dependency_probe\datasets\conll\wsj\en_wsj-ud-train.conllu
DEV_CONLL_PATH	C:\Program Files\Python311\Lib\site-packages\thehow\dependency_probe\datasets\conll\wsj\en_wsj-ud-dev.conllu
TEST_CONLL_PATH	C:\Program Files\Python311\Lib\site-packages\thehow\dependency_probe\datasets\conll\wsj\en_wsj-ud-test.conllu
DEPD_DIRECTED	False
DATASET_PKL_PATH	C:\Program Files\Python311\Lib\site-packages\thehow\dependency_probe\datasets\pkl
REPORTS_PATH	C:\Program Files\Python311\Lib\site-packages\thehow\dependency_probe\reports
METHOD	pairwisedepd
