[Mean spearmanr for sents of len 5-50]
0.7025554928479049

[UUAS]
0.47496775321921253

[SPEARMANR]
sent_len	mean_spearmanr
2	0.9999999999999998
3	0.8757911073973156
4	0.7211959897865382
5	0.6614043283081624
6	0.7229586359460263
7	0.6846415779746872
8	0.6924160102362716
9	0.685042110254512
10	0.6976126427004875
11	0.6934142457957393
12	0.7234081537554872
13	0.7231529019220447
14	0.702515583094408
15	0.7128614670773206
16	0.7189275959947996
17	0.7209858396285043
18	0.7161681254413099
19	0.7124866476379582
20	0.7199244305013804
21	0.7146011221595137
22	0.7193723354043949
23	0.714351506001463
24	0.7193787758571263
25	0.7016931225553812
26	0.701451426942444
27	0.7091628677935716
28	0.7197845266601985
29	0.7132608698193492
30	0.6997734703621556
31	0.711659985217869
32	0.7089682950887358
33	0.6982842021257335
34	0.7228592314406983
35	0.6833161505668243
36	0.7106363755078278
37	0.7066514110740542
38	0.6960308157938607
39	0.6876608324798844
40	0.7017634866540156
41	0.6767109027412949
42	0.6926072224577178
43	0.6750093872448873
44	0.7115071902149925
45	0.7019847050925556
46	0.7015973098629416
47	0.6827105516092783
48	0.6990497869694883
49	0.6554280897132955
50	0.6923664193229675
51	0.7178860418015216
52	0.717479422688558
53	0.6689669147297578
54	0.6266794522523661
55	0.6870794341586808
56	0.623337168817499
57	0.6260801358751322
58	0.6686899654364934
59	0.657457275512077
60	0.3210480704915943
61	0.5721186518092702
62	0.6645017995681417
63	0.6288278262820196
64	0.563399014995732
65	0.6756911292907702
66	0.6973281932641405
67	0.59183913570862
69	0.48658050884045556
90	0.32027830575528576
116	0.2793590090476485
118	0.2988922368092402

[EPOCH LOSSES]
0
1
2
3
4
5
6
7
8
9
10
11
12
13
14
15
16
17
18
19

[SETTINGS]
ROOT_PATH	C:\Program Files\Python311\Lib\site-packages\thehow\dependency_probe
MODEL_NAME	bert_large_uncased
MODEL_PATH	D:\transformers\bert\bert_large_uncased
MODEL_NLAYER	24
NDIM_TOKEN_EMBEDDING	1024
MODEL_CUDA	False
ONSITE_EMBEDDINGS	False
HIDDEN_LAYER	2
ONSITE_PROBES	True
LEARNING_RATE	0.001
PROBE_RANK	32
PROBE_CUDA	False
BATCH_SIZE	100
PROBE_SAVEPATH	C:\Program Files\Python311\Lib\site-packages\thehow\dependency_probe\probes
EPOCHS	20
PROBE_LOSS_POW	2
CONLL_ALIAS	wsj
CONLL_PATH	C:\Program Files\Python311\Lib\site-packages\thehow\dependency_probe\datasets\conll\wsj
TRAIN_CONLL_PATH	C:\Program Files\Python311\Lib\site-packages\thehow\dependency_probe\datasets\conll\wsj\en_wsj-ud-train.conllu
DEV_CONLL_PATH	C:\Program Files\Python311\Lib\site-packages\thehow\dependency_probe\datasets\conll\wsj\en_wsj-ud-dev.conllu
TEST_CONLL_PATH	C:\Program Files\Python311\Lib\site-packages\thehow\dependency_probe\datasets\conll\wsj\en_wsj-ud-test.conllu
DEPD_DIRECTED	False
DATASET_PKL_PATH	C:\Program Files\Python311\Lib\site-packages\thehow\dependency_probe\datasets\pkl
REPORTS_PATH	C:\Program Files\Python311\Lib\site-packages\thehow\dependency_probe\reports
METHOD	pairwisedepd
