[Mean spearmanr for sents of len 5-50]
0.6650832684849227

[UUAS]
0.4698410616296102

[SPEARMANR]
sent_len	mean_spearmanr
2	0.9999999999999998
3	0.8307460623522706
4	0.7157422530840571
5	0.6422709504173384
6	0.6976310122090427
7	0.6630070879698233
8	0.6526376338767504
9	0.6908102190812907
10	0.6797467962967721
11	0.6753173553470267
12	0.6764490714335603
13	0.6896430986492986
14	0.6734701694633624
15	0.6780374539654613
16	0.6683785274109943
17	0.6714190245210339
18	0.6760988827738045
19	0.6754411793789791
20	0.6673784098029957
21	0.6741613637934218
22	0.6633294246566306
23	0.6684447899402062
24	0.6661000587589826
25	0.6705789888416197
26	0.6756957395041877
27	0.6695593452900476
28	0.6701595766467704
29	0.6656681347107066
30	0.6489874463033942
31	0.6764346305162875
32	0.6781083481992923
33	0.6778187414836285
34	0.6811068417408476
35	0.6501006813418458
36	0.6597690946795657
37	0.6513906805489071
38	0.6412865577427865
39	0.6621356761235445
40	0.672827004883613
41	0.6442101109171233
42	0.6659747102889244
43	0.6451410998030925
44	0.6626604775161695
45	0.6696360324718582
46	0.6582466043330275
47	0.6481934146262712
48	0.6423883532452006
49	0.6302314693326543
50	0.6257480794683137
51	0.6777194312199352
52	0.6506256576356197
53	0.6559353244667395
54	0.5996787948963157
55	0.6147549576040622
56	0.5941055724456205
57	0.6408947464583152
58	0.6082944450905244
59	0.5607267660964794
60	0.3529560202068967
61	0.5757538382767753
62	0.662891478763531
63	0.573481616456375
64	0.536401097451315
65	0.6474567182548255
66	0.63723927409602
67	0.5736465207991202
69	0.6034947165249596
90	0.4884783412966494
116	0.4201369703860046
118	0.37181711535146333

[EPOCH LOSSES]
0
1
2
3
4
5
6
7
8
9
10
11
12
13
14
15
16
17
18
19

[SETTINGS]
ROOT_PATH	C:\Program Files\Python311\Lib\site-packages\thehow\dependency_probe
MODEL_NAME	bert_large_uncased
MODEL_PATH	D:\transformers\bert\bert_large_uncased
MODEL_NLAYER	24
NDIM_TOKEN_EMBEDDING	1024
MODEL_CUDA	False
ONSITE_EMBEDDINGS	False
HIDDEN_LAYER	22
ONSITE_PROBES	True
LEARNING_RATE	0.001
PROBE_RANK	32
PROBE_CUDA	False
BATCH_SIZE	100
PROBE_SAVEPATH	C:\Program Files\Python311\Lib\site-packages\thehow\dependency_probe\probes
EPOCHS	20
PROBE_LOSS_POW	2
CONLL_ALIAS	wsj
CONLL_PATH	C:\Program Files\Python311\Lib\site-packages\thehow\dependency_probe\datasets\conll\wsj
TRAIN_CONLL_PATH	C:\Program Files\Python311\Lib\site-packages\thehow\dependency_probe\datasets\conll\wsj\en_wsj-ud-train.conllu
DEV_CONLL_PATH	C:\Program Files\Python311\Lib\site-packages\thehow\dependency_probe\datasets\conll\wsj\en_wsj-ud-dev.conllu
TEST_CONLL_PATH	C:\Program Files\Python311\Lib\site-packages\thehow\dependency_probe\datasets\conll\wsj\en_wsj-ud-test.conllu
DEPD_DIRECTED	False
DATASET_PKL_PATH	C:\Program Files\Python311\Lib\site-packages\thehow\dependency_probe\datasets\pkl
REPORTS_PATH	C:\Program Files\Python311\Lib\site-packages\thehow\dependency_probe\reports
METHOD	pairwisedepd
