[Mean spearmanr for sents of len 5-50]
0.7677620604950743

[UUAS]
0.5348593165868696

[SPEARMANR]
sent_len	mean_spearmanr
2	0.9999999999999998
3	0.8397550713612796
4	0.6966137152143078
5	0.6552759946009087
6	0.7152437965905245
7	0.7308335908664566
8	0.7124480752049531
9	0.7543634234448363
10	0.7476079069587003
11	0.7554782909942189
12	0.7539196980154083
13	0.7709443884400881
14	0.7445907949310517
15	0.7727368190781464
16	0.7682936851616095
17	0.7667707459110874
18	0.7710629602813206
19	0.7770460811730349
20	0.7716579083485658
21	0.7771819144226231
22	0.7760857022761634
23	0.7769060566709468
24	0.7734306194574715
25	0.7834640490886694
26	0.7816379850030897
27	0.7826725224377343
28	0.7891143640340113
29	0.7838381878263615
30	0.7726932674464664
31	0.7906053867927969
32	0.7908062908829707
33	0.7929580314591368
34	0.7981266477197125
35	0.7736581625689585
36	0.7771659354101542
37	0.782324884973718
38	0.7745211694788184
39	0.779167016329491
40	0.7896946783633472
41	0.7784091168892724
42	0.7723989810421414
43	0.7687826164714345
44	0.792340461019923
45	0.7868343330757007
46	0.7844325010173299
47	0.7659678193144304
48	0.7615590753891108
49	0.7436936937888106
50	0.7483091521217111
51	0.8025792914582213
52	0.7619312706689372
53	0.7768713927158883
54	0.7215435962050195
55	0.7440900966641125
56	0.6669074541232076
57	0.7318618270308211
58	0.7224022441471619
59	0.6755313504928115
60	0.39998502771411243
61	0.6585474526565083
62	0.8056968201605392
63	0.7831994607502831
64	0.63793057259527
65	0.7319995855769903
66	0.7775545991168594
67	0.6530250664778581
69	0.6904065641878379
90	0.5399620311204123
116	0.5129827925744826
118	0.43908654654565027

[EPOCH LOSSES]
0
1
2
3
4
5
6
7
8
9
10
11
12
13
14
15
16
17
18
19
20
21
22
23
24
25
26
27
28
29
30
31
32
33
34
35
36
37
38
39

[SETTINGS]
ROOT_PATH	C:\Program Files\Python311\Lib\site-packages\thehow\dependency_probe
MODEL_NAME	bert_large_uncased
MODEL_PATH	D:\transformers\bert\bert_large_uncased
MODEL_NLAYER	24
NDIM_TOKEN_EMBEDDING	1024
MODEL_CUDA	False
ONSITE_EMBEDDINGS	False
HIDDEN_LAYER	20
ONSITE_PROBES	True
LEARNING_RATE	0.001
PROBE_RANK	64
PROBE_CUDA	False
BATCH_SIZE	100
PROBE_SAVEPATH	C:\Program Files\Python311\Lib\site-packages\thehow\dependency_probe\probes
EPOCHS	40
PROBE_LOSS_POW	2
CONLL_ALIAS	wsj
CONLL_PATH	C:\Program Files\Python311\Lib\site-packages\thehow\dependency_probe\datasets\conll\wsj
TRAIN_CONLL_PATH	C:\Program Files\Python311\Lib\site-packages\thehow\dependency_probe\datasets\conll\wsj\en_wsj-ud-train.conllu
DEV_CONLL_PATH	C:\Program Files\Python311\Lib\site-packages\thehow\dependency_probe\datasets\conll\wsj\en_wsj-ud-dev.conllu
TEST_CONLL_PATH	C:\Program Files\Python311\Lib\site-packages\thehow\dependency_probe\datasets\conll\wsj\en_wsj-ud-test.conllu
DEPD_DIRECTED	False
DATASET_PKL_PATH	C:\Program Files\Python311\Lib\site-packages\thehow\dependency_probe\datasets\pkl
REPORTS_PATH	C:\Program Files\Python311\Lib\site-packages\thehow\dependency_probe\reports
METHOD	pairwisedepd
