[Mean spearmanr for sents of len 5-50]
0.7916997920193561

[UUAS]
0.5383026169082442

[SPEARMANR]
sent_len	mean_spearmanr
2	0.9999999999999998
3	0.8487640803702885
4	0.7299156985012248
5	0.6652354381247921
6	0.7704556201218353
7	0.7696792505504546
8	0.7700080344704503
9	0.7959164849737796
10	0.7881879183372086
11	0.8060942228308587
12	0.8180793864545077
13	0.8246319789526316
14	0.7917644330763851
15	0.8074503030171867
16	0.8152188332531816
17	0.8145451964213337
18	0.8104249637139166
19	0.811004729984617
20	0.8059965012743275
21	0.809299874274989
22	0.8082270560426427
23	0.8063507849343301
24	0.8113210595708477
25	0.8045549871254409
26	0.7984027772525485
27	0.8071802764187805
28	0.8108561957582092
29	0.8032714148670194
30	0.7947034099107544
31	0.8022341269782499
32	0.8053908184500438
33	0.7924596674693846
34	0.8124327404211412
35	0.7841039394543896
36	0.7940419560827464
37	0.7959513306063798
38	0.7975059701716051
39	0.7890645595859689
40	0.7954539599128962
41	0.7778556339375191
42	0.7773025215627665
43	0.7634321616605768
44	0.7842158325221228
45	0.7842752674018262
46	0.7883830578326975
47	0.7706885826222026
48	0.7814271910384342
49	0.7310425944249604
50	0.772067389041452
51	0.797144939532113
52	0.7942157852036225
53	0.7427438791476965
54	0.7032613877489439
55	0.7307025809812415
56	0.6877644708701722
57	0.6932440015885011
58	0.7289309467102747
59	0.7004994676441226
60	0.3283364055883468
61	0.6301067966996683
62	0.7391106761880301
63	0.7497070908755559
64	0.6242076230392473
65	0.7645962819876077
66	0.7665346345167013
67	0.6454280580367361
69	0.6235104047087174
90	0.4579122183862095
116	0.5005333091116851
118	0.43034061595550344

[EPOCH LOSSES]
0
1
2
3
4
5
6
7
8
9
10
11
12
13
14
15
16
17
18
19
20
21
22
23
24
25
26
27
28
29
30
31
32
33
34
35
36
37
38
39

[SETTINGS]
ROOT_PATH	C:\Program Files\Python311\Lib\site-packages\thehow\dependency_probe
MODEL_NAME	bert_large_uncased
MODEL_PATH	D:\transformers\bert\bert_large_uncased
MODEL_NLAYER	24
NDIM_TOKEN_EMBEDDING	1024
MODEL_CUDA	False
ONSITE_EMBEDDINGS	False
HIDDEN_LAYER	12
ONSITE_PROBES	True
LEARNING_RATE	0.001
PROBE_RANK	64
PROBE_CUDA	False
BATCH_SIZE	100
PROBE_SAVEPATH	C:\Program Files\Python311\Lib\site-packages\thehow\dependency_probe\probes
EPOCHS	40
PROBE_LOSS_POW	2
CONLL_ALIAS	wsj
CONLL_PATH	C:\Program Files\Python311\Lib\site-packages\thehow\dependency_probe\datasets\conll\wsj
TRAIN_CONLL_PATH	C:\Program Files\Python311\Lib\site-packages\thehow\dependency_probe\datasets\conll\wsj\en_wsj-ud-train.conllu
DEV_CONLL_PATH	C:\Program Files\Python311\Lib\site-packages\thehow\dependency_probe\datasets\conll\wsj\en_wsj-ud-dev.conllu
TEST_CONLL_PATH	C:\Program Files\Python311\Lib\site-packages\thehow\dependency_probe\datasets\conll\wsj\en_wsj-ud-test.conllu
DEPD_DIRECTED	False
DATASET_PKL_PATH	C:\Program Files\Python311\Lib\site-packages\thehow\dependency_probe\datasets\pkl
REPORTS_PATH	C:\Program Files\Python311\Lib\site-packages\thehow\dependency_probe\reports
METHOD	pairwisedepd
