[Mean spearmanr for sents of len 5-50]
0.7783026119372636

[UUAS]
0.5433527907129271

[SPEARMANR]
sent_len	mean_spearmanr
2	0.9999999999999998
3	0.8217370533432615
4	0.7149381522749342
5	0.6720987223064466
6	0.7115419517016153
7	0.7395708997054435
8	0.7240571158466184
9	0.7668947479909043
10	0.7532191771315305
11	0.7675783332335507
12	0.772821015611973
13	0.7823127842881277
14	0.7588243826384131
15	0.7819322863402849
16	0.7821208017191339
17	0.7820043866213855
18	0.7862311130438973
19	0.7883917370821898
20	0.783921092238274
21	0.788979973531904
22	0.7884921079335558
23	0.78858068374773
24	0.7898169423964134
25	0.7934430007431204
26	0.7916529685309844
27	0.7946217119336729
28	0.8008723846411435
29	0.7941489593529936
30	0.7863603818126975
31	0.8016075928313382
32	0.8024624539781477
33	0.8051686634189289
34	0.8110537100163323
35	0.782088875024224
36	0.7860501624401675
37	0.7945524178035293
38	0.789432556894081
39	0.7910664969882458
40	0.8012136005882629
41	0.7897419996492367
42	0.7789811762386673
43	0.7800392087286913
44	0.7963159569139564
45	0.7928241535010799
46	0.7902860685157962
47	0.771264692118816
48	0.7695687517250518
49	0.7424428029386652
50	0.7552691466769061
51	0.8142130980905743
52	0.7638456151411623
53	0.7957949791042255
54	0.7234118830466261
55	0.7338779185016749
56	0.6857558339522121
57	0.729047390456265
58	0.7356912210501795
59	0.6934840759810601
60	0.42492380999692575
61	0.6625939557042236
62	0.8212119097851865
63	0.8072838184621538
64	0.6438118024055668
65	0.7442528344377859
66	0.7465236733747981
67	0.6570391437477371
69	0.7157574007717861
90	0.5517680899088925
116	0.5178735430794471
118	0.46176604119502274

[EPOCH LOSSES]
0
1
2
3
4
5
6
7
8
9
10
11
12
13
14
15
16
17
18
19
20
21
22
23
24
25
26
27
28
29
30
31
32
33
34
35
36
37
38
39

[SETTINGS]
ROOT_PATH	C:\Program Files\Python311\Lib\site-packages\thehow\dependency_probe
MODEL_NAME	bert_large_uncased
MODEL_PATH	D:\transformers\bert\bert_large_uncased
MODEL_NLAYER	24
NDIM_TOKEN_EMBEDDING	1024
MODEL_CUDA	False
ONSITE_EMBEDDINGS	False
HIDDEN_LAYER	19
ONSITE_PROBES	True
LEARNING_RATE	0.001
PROBE_RANK	64
PROBE_CUDA	False
BATCH_SIZE	100
PROBE_SAVEPATH	C:\Program Files\Python311\Lib\site-packages\thehow\dependency_probe\probes
EPOCHS	40
PROBE_LOSS_POW	2
CONLL_ALIAS	wsj
CONLL_PATH	C:\Program Files\Python311\Lib\site-packages\thehow\dependency_probe\datasets\conll\wsj
TRAIN_CONLL_PATH	C:\Program Files\Python311\Lib\site-packages\thehow\dependency_probe\datasets\conll\wsj\en_wsj-ud-train.conllu
DEV_CONLL_PATH	C:\Program Files\Python311\Lib\site-packages\thehow\dependency_probe\datasets\conll\wsj\en_wsj-ud-dev.conllu
TEST_CONLL_PATH	C:\Program Files\Python311\Lib\site-packages\thehow\dependency_probe\datasets\conll\wsj\en_wsj-ud-test.conllu
DEPD_DIRECTED	False
DATASET_PKL_PATH	C:\Program Files\Python311\Lib\site-packages\thehow\dependency_probe\datasets\pkl
REPORTS_PATH	C:\Program Files\Python311\Lib\site-packages\thehow\dependency_probe\reports
METHOD	pairwisedepd
