[Mean spearmanr for sents of len 5-50]
0.7582281233041099

[UUAS]
0.5041756848341751

[SPEARMANR]
sent_len	mean_spearmanr
2	0.9999999999999998
3	0.8487640803702885
4	0.6947000570368389
5	0.6438240374628729
6	0.7206746754891081
7	0.7193437242240505
8	0.7165450280593695
9	0.7541506433563914
10	0.7458507339167916
11	0.7658202650100074
12	0.782577173318657
13	0.791641142276816
14	0.7531812606826412
15	0.773152510427119
16	0.7845888129085432
17	0.7789982980299751
18	0.7752813521118678
19	0.777655991162142
20	0.7718130440323809
21	0.7819284588131438
22	0.7771879822455746
23	0.7727903644889337
24	0.7792320121277672
25	0.771724048267954
26	0.7660395814004061
27	0.7803895835359473
28	0.7829309415724078
29	0.7747817448265624
30	0.7608521849215972
31	0.7739835071752106
32	0.7766067203190818
33	0.7629813132624506
34	0.7856000066775125
35	0.7482481129095903
36	0.7646282667498666
37	0.7655294248381328
38	0.7662498976535779
39	0.7551056708875923
40	0.7616175232156985
41	0.7404261073383666
42	0.7450304230217719
43	0.7369221600650611
44	0.7545715135802462
45	0.7570212271186694
46	0.7535264066089016
47	0.7367955685700588
48	0.7533046295969317
49	0.6968281898310215
50	0.740561407900281
51	0.7637835449591323
52	0.7612919674384867
53	0.7190907473696143
54	0.6791995744269376
55	0.7130980780666534
56	0.6604292514968422
57	0.6669364249650365
58	0.7119127437140607
59	0.6936693424625636
60	0.3031972265385992
61	0.6196780226407419
62	0.7038597264471906
63	0.708950434419005
64	0.6025598747634326
65	0.7553871082365979
66	0.7348177990037674
67	0.6457778507073594
69	0.5755670000186739
90	0.438643118794692
116	0.4613719028095165
118	0.4368725072423965

[EPOCH LOSSES]
0
1
2
3
4
5
6
7
8
9
10
11
12
13
14
15
16
17
18
19
20
21
22
23
24
25
26
27
28
29
30
31
32
33
34
35
36
37
38
39

[SETTINGS]
ROOT_PATH	C:\Program Files\Python311\Lib\site-packages\thehow\dependency_probe
MODEL_NAME	bert_large_uncased
MODEL_PATH	D:\transformers\bert\bert_large_uncased
MODEL_NLAYER	24
NDIM_TOKEN_EMBEDDING	1024
MODEL_CUDA	False
ONSITE_EMBEDDINGS	False
HIDDEN_LAYER	10
ONSITE_PROBES	True
LEARNING_RATE	0.001
PROBE_RANK	64
PROBE_CUDA	False
BATCH_SIZE	100
PROBE_SAVEPATH	C:\Program Files\Python311\Lib\site-packages\thehow\dependency_probe\probes
EPOCHS	40
PROBE_LOSS_POW	2
CONLL_ALIAS	wsj
CONLL_PATH	C:\Program Files\Python311\Lib\site-packages\thehow\dependency_probe\datasets\conll\wsj
TRAIN_CONLL_PATH	C:\Program Files\Python311\Lib\site-packages\thehow\dependency_probe\datasets\conll\wsj\en_wsj-ud-train.conllu
DEV_CONLL_PATH	C:\Program Files\Python311\Lib\site-packages\thehow\dependency_probe\datasets\conll\wsj\en_wsj-ud-dev.conllu
TEST_CONLL_PATH	C:\Program Files\Python311\Lib\site-packages\thehow\dependency_probe\datasets\conll\wsj\en_wsj-ud-test.conllu
DEPD_DIRECTED	False
DATASET_PKL_PATH	C:\Program Files\Python311\Lib\site-packages\thehow\dependency_probe\datasets\pkl
REPORTS_PATH	C:\Program Files\Python311\Lib\site-packages\thehow\dependency_probe\reports
METHOD	pairwisedepd
