[Mean spearmanr for sents of len 5-50]
0.7866290374719097

[UUAS]
0.5485450689753175

[SPEARMANR]
sent_len	mean_spearmanr
2	0.9999999999999998
3	0.799214530820739
4	0.6625885499403981
5	0.6472601292395734
6	0.7235696668575459
7	0.7384254354788539
8	0.7320413781865603
9	0.7668231896765904
10	0.7635697068625545
11	0.778181281729884
12	0.7842982789311714
13	0.7940765430906643
14	0.7701178782233887
15	0.789280087347837
16	0.7924867938602399
17	0.7952796304677825
18	0.7929308684409875
19	0.8018519919938115
20	0.7953083568738428
21	0.8002154974017853
22	0.7994761323849395
23	0.7983058784639205
24	0.7986037905402361
25	0.80491937399753
26	0.8023188306357936
27	0.8036559571397255
28	0.8095160554004439
29	0.8044584834537539
30	0.7949284892640338
31	0.8087781534263006
32	0.8103960762799088
33	0.8126186109711296
34	0.8166473059816175
35	0.7952509697575142
36	0.7925833864513081
37	0.8033265532803012
38	0.8011747176532835
39	0.7981249382374676
40	0.8086973584611827
41	0.7957957471778339
42	0.7877285308253501
43	0.7848890529032654
44	0.8065856609360216
45	0.7996744763838632
46	0.800273682308035
47	0.7813517000822413
48	0.781533186892143
49	0.7512555951445884
50	0.7663503146110386
51	0.8305032200387076
52	0.7687327219371933
53	0.8007601991452137
54	0.7298149967884083
55	0.7433117219352562
56	0.7027167297886913
57	0.7400060286271709
58	0.7530473266790745
59	0.7164246251973164
60	0.4362951044413263
61	0.6669732963463133
62	0.8288300897974609
63	0.8155279023127292
64	0.6484020150357496
65	0.7555805581856154
66	0.7873812178685621
67	0.6762224867190296
69	0.7239641671323787
90	0.5660369288930448
116	0.5421556643522173
118	0.476708338774923

[EPOCH LOSSES]
0
1
2
3
4
5
6
7
8
9
10
11
12
13
14
15
16
17
18
19
20
21
22
23
24
25
26
27
28
29
30
31
32
33
34
35
36
37
38
39

[SETTINGS]
ROOT_PATH	C:\Program Files\Python311\Lib\site-packages\thehow\dependency_probe
MODEL_NAME	bert_large_uncased
MODEL_PATH	D:\transformers\bert\bert_large_uncased
MODEL_NLAYER	24
NDIM_TOKEN_EMBEDDING	1024
MODEL_CUDA	False
ONSITE_EMBEDDINGS	False
HIDDEN_LAYER	18
ONSITE_PROBES	True
LEARNING_RATE	0.001
PROBE_RANK	64
PROBE_CUDA	False
BATCH_SIZE	100
PROBE_SAVEPATH	C:\Program Files\Python311\Lib\site-packages\thehow\dependency_probe\probes
EPOCHS	40
PROBE_LOSS_POW	2
CONLL_ALIAS	wsj
CONLL_PATH	C:\Program Files\Python311\Lib\site-packages\thehow\dependency_probe\datasets\conll\wsj
TRAIN_CONLL_PATH	C:\Program Files\Python311\Lib\site-packages\thehow\dependency_probe\datasets\conll\wsj\en_wsj-ud-train.conllu
DEV_CONLL_PATH	C:\Program Files\Python311\Lib\site-packages\thehow\dependency_probe\datasets\conll\wsj\en_wsj-ud-dev.conllu
TEST_CONLL_PATH	C:\Program Files\Python311\Lib\site-packages\thehow\dependency_probe\datasets\conll\wsj\en_wsj-ud-test.conllu
DEPD_DIRECTED	False
DATASET_PKL_PATH	C:\Program Files\Python311\Lib\site-packages\thehow\dependency_probe\datasets\pkl
REPORTS_PATH	C:\Program Files\Python311\Lib\site-packages\thehow\dependency_probe\reports
METHOD	pairwisedepd
