[Mean spearmanr for sents of len 5-50]
0.7403581132004237

[UUAS]
0.4717430751404648

[SPEARMANR]
sent_len	mean_spearmanr
2	0.9999999999999998
3	0.826241557847766
4	0.693010936596463
5	0.5948365796084298
6	0.6891793329819558
7	0.6865449624004609
8	0.6864850623480395
9	0.7230470746150097
10	0.7250352047024023
11	0.7386798352611658
12	0.7571402579460634
13	0.7702161878897564
14	0.7385763320307809
15	0.7574933163908268
16	0.7624612432461967
17	0.7579504594928821
18	0.7573208926180092
19	0.7597039284015349
20	0.7575296837155469
21	0.7634546513459572
22	0.7635822564604765
23	0.7571876203561732
24	0.7593390516402974
25	0.7536826045235773
26	0.7464278155821212
27	0.7629588755707517
28	0.7643813711584647
29	0.7572534425967276
30	0.7460438225711025
31	0.7597416648833968
32	0.7631172872239659
33	0.7473021166160876
34	0.7727429756371543
35	0.7365070130971267
36	0.7526214867181558
37	0.7506882991520727
38	0.7483974897604608
39	0.7417354093159021
40	0.7474830560884845
41	0.7246036310390808
42	0.7338771691270265
43	0.7256097369131709
44	0.7424716813500738
45	0.7446776859868836
46	0.7439259834431445
47	0.7259702218650247
48	0.7404714353738236
49	0.6918094505194242
50	0.7262075476543168
51	0.7522285014579435
52	0.7471857795225388
53	0.7128644003919469
54	0.6785980863320278
55	0.702646145872482
56	0.651693629994573
57	0.6510318314737409
58	0.6998037755556835
59	0.6903762165735787
60	0.3042748153596792
61	0.6078528280886434
62	0.700400806878839
63	0.6971574775494129
64	0.5969381561863685
65	0.7579395599611722
66	0.7306016004311002
67	0.6150199938367052
69	0.5686402706187389
90	0.4379854484340016
116	0.4401729896622092
118	0.44276316989003256

[EPOCH LOSSES]
0
1
2
3
4
5
6
7
8
9
10
11
12
13
14
15
16
17
18
19
20
21
22
23
24
25
26
27
28
29
30
31
32
33
34
35
36
37
38
39

[SETTINGS]
ROOT_PATH	C:\Program Files\Python311\Lib\site-packages\thehow\dependency_probe
MODEL_NAME	bert_large_uncased
MODEL_PATH	D:\transformers\bert\bert_large_uncased
MODEL_NLAYER	24
NDIM_TOKEN_EMBEDDING	1024
MODEL_CUDA	False
ONSITE_EMBEDDINGS	False
HIDDEN_LAYER	9
ONSITE_PROBES	True
LEARNING_RATE	0.001
PROBE_RANK	64
PROBE_CUDA	False
BATCH_SIZE	100
PROBE_SAVEPATH	C:\Program Files\Python311\Lib\site-packages\thehow\dependency_probe\probes
EPOCHS	40
PROBE_LOSS_POW	2
CONLL_ALIAS	wsj
CONLL_PATH	C:\Program Files\Python311\Lib\site-packages\thehow\dependency_probe\datasets\conll\wsj
TRAIN_CONLL_PATH	C:\Program Files\Python311\Lib\site-packages\thehow\dependency_probe\datasets\conll\wsj\en_wsj-ud-train.conllu
DEV_CONLL_PATH	C:\Program Files\Python311\Lib\site-packages\thehow\dependency_probe\datasets\conll\wsj\en_wsj-ud-dev.conllu
TEST_CONLL_PATH	C:\Program Files\Python311\Lib\site-packages\thehow\dependency_probe\datasets\conll\wsj\en_wsj-ud-test.conllu
DEPD_DIRECTED	False
DATASET_PKL_PATH	C:\Program Files\Python311\Lib\site-packages\thehow\dependency_probe\datasets\pkl
REPORTS_PATH	C:\Program Files\Python311\Lib\site-packages\thehow\dependency_probe\reports
METHOD	pairwisedepd
