[Mean spearmanr for sents of len 5-50]
0.7760984501733253

[UUAS]
0.5186922017446055

[SPEARMANR]
sent_len	mean_spearmanr
2	0.9999999999999998
3	0.8127280443342525
4	0.7045293231198716
5	0.6424964873949418
6	0.7590573272337442
7	0.7420891080288055
8	0.7562416794315988
9	0.780010419528281
10	0.7649113061342899
11	0.7861633054243945
12	0.8004474028631062
13	0.81116856284131
14	0.7731448107560482
15	0.7938917851871152
16	0.8013603149712817
17	0.8007914630610689
18	0.7970257103573866
19	0.7960291461775206
20	0.7901279220235126
21	0.7976310353620243
22	0.7959797966368993
23	0.7905679525377803
24	0.7955129015702526
25	0.7908914580136296
26	0.7852545385175822
27	0.7920493596025828
28	0.8011331132266598
29	0.7885181750441085
30	0.7803583189671602
31	0.7893397510925627
32	0.7941149350279171
33	0.7764012575555237
34	0.8002517336969921
35	0.7675252056764715
36	0.7810754853921404
37	0.7799800299586327
38	0.7795406429992437
39	0.7717341925102388
40	0.7794704415472327
41	0.7605237051993688
42	0.7601746548911431
43	0.7462657635393393
44	0.7690852330464482
45	0.7693227349842297
46	0.7713788462252357
47	0.7523371459164975
48	0.7668119433299232
49	0.7186841189595436
50	0.753657485531191
51	0.78294500460054
52	0.7810132635974031
53	0.740568460576641
54	0.6952317246778366
55	0.7244988694861894
56	0.677376228254345
57	0.6749546689960877
58	0.7161876967691774
59	0.6899828592448197
60	0.3191542920364725
61	0.617354253325046
62	0.728162148365213
63	0.7251019033269719
64	0.6093870341344041
65	0.7679778460138492
66	0.7429891318255262
67	0.6440955690242303
69	0.5876433311609365
90	0.44848597316283456
116	0.47571853836271266
118	0.4347656147659939

[EPOCH LOSSES]
0
1
2
3
4
5
6
7
8
9
10
11
12
13
14
15
16
17
18
19
20
21
22
23
24
25
26
27
28
29
30
31
32
33
34
35
36
37
38
39

[SETTINGS]
ROOT_PATH	C:\Program Files\Python311\Lib\site-packages\thehow\dependency_probe
MODEL_NAME	bert_large_uncased
MODEL_PATH	D:\transformers\bert\bert_large_uncased
MODEL_NLAYER	24
NDIM_TOKEN_EMBEDDING	1024
MODEL_CUDA	False
ONSITE_EMBEDDINGS	False
HIDDEN_LAYER	11
ONSITE_PROBES	True
LEARNING_RATE	0.001
PROBE_RANK	64
PROBE_CUDA	False
BATCH_SIZE	100
PROBE_SAVEPATH	C:\Program Files\Python311\Lib\site-packages\thehow\dependency_probe\probes
EPOCHS	40
PROBE_LOSS_POW	2
CONLL_ALIAS	wsj
CONLL_PATH	C:\Program Files\Python311\Lib\site-packages\thehow\dependency_probe\datasets\conll\wsj
TRAIN_CONLL_PATH	C:\Program Files\Python311\Lib\site-packages\thehow\dependency_probe\datasets\conll\wsj\en_wsj-ud-train.conllu
DEV_CONLL_PATH	C:\Program Files\Python311\Lib\site-packages\thehow\dependency_probe\datasets\conll\wsj\en_wsj-ud-dev.conllu
TEST_CONLL_PATH	C:\Program Files\Python311\Lib\site-packages\thehow\dependency_probe\datasets\conll\wsj\en_wsj-ud-test.conllu
DEPD_DIRECTED	False
DATASET_PKL_PATH	C:\Program Files\Python311\Lib\site-packages\thehow\dependency_probe\datasets\pkl
REPORTS_PATH	C:\Program Files\Python311\Lib\site-packages\thehow\dependency_probe\reports
METHOD	pairwisedepd
