[Mean spearmanr for sents of len 5-50]
0.6641348984724766

[UUAS]
0.47012527054502523

[SPEARMANR]
sent_len	mean_spearmanr
2	0.9999999999999998
3	0.8577730893792975
4	0.7053334239289945
5	0.6375234725091237
6	0.6934347203357986
7	0.6597347569008406
8	0.6485709175390535
9	0.6871205707051314
10	0.6733153272755481
11	0.6741198902283481
12	0.6755128896454551
13	0.6899446708041499
14	0.6696489071607653
15	0.6757974905467372
16	0.6668133387212614
17	0.669398057482043
18	0.6742321813317609
19	0.673295372400587
20	0.6658758978372666
21	0.6742097066481403
22	0.6631592269145994
23	0.6690859049456342
24	0.6665004120011405
25	0.6693822170311208
26	0.6749111752280923
27	0.6684630507882314
28	0.6697365666425132
29	0.6673611101371406
30	0.6496008945038052
31	0.6766670653439676
32	0.6779676911997613
33	0.6784634571271264
34	0.6809640078885297
35	0.649339759213793
36	0.6613768078365888
37	0.6523350568617121
38	0.640399285011431
39	0.6635417816487951
40	0.6724751672778622
41	0.6432324929609922
42	0.6654951991512804
43	0.6454515420563629
44	0.6619975009006899
45	0.6702458623744529
46	0.657421553718997
47	0.6491147449206044
48	0.6417613775990457
49	0.6291603675945643
50	0.6260458827830732
51	0.6779672745597723
52	0.6511111567040992
53	0.657471825458579
54	0.5971652618720584
55	0.6148139814934687
56	0.5934126618134394
57	0.6424734157434983
58	0.6078279386461239
59	0.5596315081572573
60	0.350137763459086
61	0.5751595504755028
62	0.6672370091166477
63	0.5762813276358517
64	0.5369123388863991
65	0.6515311703099512
66	0.6383894338817304
67	0.5660824690544438
69	0.6071379559991673
90	0.48797158927808193
116	0.4230817791403545
118	0.3731455523540676

[EPOCH LOSSES]
0
1
2
3
4
5
6
7
8
9
10
11
12
13
14
15
16
17
18
19
20
21
22
23
24
25
26
27
28
29
30
31
32
33
34
35
36
37
38
39

[SETTINGS]
ROOT_PATH	C:\Program Files\Python311\Lib\site-packages\thehow\dependency_probe
MODEL_NAME	bert_large_uncased
MODEL_PATH	D:\transformers\bert\bert_large_uncased
MODEL_NLAYER	24
NDIM_TOKEN_EMBEDDING	1024
MODEL_CUDA	False
ONSITE_EMBEDDINGS	False
HIDDEN_LAYER	22
ONSITE_PROBES	True
LEARNING_RATE	0.001
PROBE_RANK	64
PROBE_CUDA	False
BATCH_SIZE	100
PROBE_SAVEPATH	C:\Program Files\Python311\Lib\site-packages\thehow\dependency_probe\probes
EPOCHS	40
PROBE_LOSS_POW	2
CONLL_ALIAS	wsj
CONLL_PATH	C:\Program Files\Python311\Lib\site-packages\thehow\dependency_probe\datasets\conll\wsj
TRAIN_CONLL_PATH	C:\Program Files\Python311\Lib\site-packages\thehow\dependency_probe\datasets\conll\wsj\en_wsj-ud-train.conllu
DEV_CONLL_PATH	C:\Program Files\Python311\Lib\site-packages\thehow\dependency_probe\datasets\conll\wsj\en_wsj-ud-dev.conllu
TEST_CONLL_PATH	C:\Program Files\Python311\Lib\site-packages\thehow\dependency_probe\datasets\conll\wsj\en_wsj-ud-test.conllu
DEPD_DIRECTED	False
DATASET_PKL_PATH	C:\Program Files\Python311\Lib\site-packages\thehow\dependency_probe\datasets\pkl
REPORTS_PATH	C:\Program Files\Python311\Lib\site-packages\thehow\dependency_probe\reports
METHOD	pairwisedepd
