[Mean spearmanr for sents of len 5-50]
0.7247830075896636

[UUAS]
0.47594062219890254

[SPEARMANR]
sent_len	mean_spearmanr
2	0.9999999999999998
3	0.844259575865784
4	0.706025255869571
5	0.6415179142005023
6	0.7007442449358882
7	0.6927732970687391
8	0.7021662090648718
9	0.7043767856100651
10	0.7101790951641656
11	0.7305046731563379
12	0.7411158168801517
13	0.7451774614792195
14	0.7194658830437827
15	0.7344186481586579
16	0.7482783248958967
17	0.7431605534423258
18	0.7388240944595692
19	0.7406604731005608
20	0.7409458841131463
21	0.7423817595085536
22	0.7445707937009345
23	0.738627362876688
24	0.742875359594441
25	0.7322935973522604
26	0.7276660172184081
27	0.7404484568909808
28	0.7429170875168544
29	0.7357050189404177
30	0.7266100504642851
31	0.7411050054420674
32	0.7406344912307241
33	0.7268417507117367
34	0.7507060471942386
35	0.7150467268065129
36	0.7358833019285882
37	0.7335762277741059
38	0.7234525884144009
39	0.7142247641092079
40	0.7281016320113717
41	0.7052444889679517
42	0.7123258829905226
43	0.7021836130611225
44	0.7300583599990481
45	0.7260051185866319
46	0.7268994684114889
47	0.708391446898198
48	0.717531248616712
49	0.6803408407469627
50	0.7130604823852326
51	0.7408015915029135
52	0.7411990287647019
53	0.7024449438040399
54	0.6530598041204532
55	0.702467588487177
56	0.6397297549879388
57	0.6262174024302327
58	0.670633579093317
59	0.6818843630172339
60	0.3238009755602623
61	0.5983095854423116
62	0.697184847479712
63	0.6585505130561482
64	0.5681303271408054
65	0.7377059245721362
66	0.7022623502862507
67	0.5879243627119639
69	0.5245051120838503
90	0.35097745484167553
116	0.3106810825404135
118	0.39475580545833255

[EPOCH LOSSES]
0
1
2
3
4
5
6
7
8
9
10
11
12
13
14
15
16
17
18
19
20
21
22
23
24
25
26
27
28
29
30
31
32
33
34
35
36
37
38
39

[SETTINGS]
ROOT_PATH	C:\Program Files\Python311\Lib\site-packages\thehow\dependency_probe
MODEL_NAME	bert_large_uncased
MODEL_PATH	D:\transformers\bert\bert_large_uncased
MODEL_NLAYER	24
NDIM_TOKEN_EMBEDDING	1024
MODEL_CUDA	False
ONSITE_EMBEDDINGS	False
HIDDEN_LAYER	5
ONSITE_PROBES	True
LEARNING_RATE	0.001
PROBE_RANK	64
PROBE_CUDA	False
BATCH_SIZE	100
PROBE_SAVEPATH	C:\Program Files\Python311\Lib\site-packages\thehow\dependency_probe\probes
EPOCHS	40
PROBE_LOSS_POW	2
CONLL_ALIAS	wsj
CONLL_PATH	C:\Program Files\Python311\Lib\site-packages\thehow\dependency_probe\datasets\conll\wsj
TRAIN_CONLL_PATH	C:\Program Files\Python311\Lib\site-packages\thehow\dependency_probe\datasets\conll\wsj\en_wsj-ud-train.conllu
DEV_CONLL_PATH	C:\Program Files\Python311\Lib\site-packages\thehow\dependency_probe\datasets\conll\wsj\en_wsj-ud-dev.conllu
TEST_CONLL_PATH	C:\Program Files\Python311\Lib\site-packages\thehow\dependency_probe\datasets\conll\wsj\en_wsj-ud-test.conllu
DEPD_DIRECTED	False
DATASET_PKL_PATH	C:\Program Files\Python311\Lib\site-packages\thehow\dependency_probe\datasets\pkl
REPORTS_PATH	C:\Program Files\Python311\Lib\site-packages\thehow\dependency_probe\reports
METHOD	pairwisedepd
