[Mean spearmanr for sents of len 5-50]
0.6996318104418787

[UUAS]
0.45798080496709737

[SPEARMANR]
sent_len	mean_spearmanr
2	0.9999999999999998
3	0.8667820983883066
4	0.7453918889774154
5	0.6567344004678787
6	0.7006227726100203
7	0.666155687993857
8	0.6776473088763306
9	0.6738197297483494
10	0.6915002766000983
11	0.6792108374702459
12	0.7152924045246077
13	0.7163094933251639
14	0.6934302553867666
15	0.7065399325010477
16	0.7184633663413048
17	0.7173026870153664
18	0.7141573868247907
19	0.7118645682733772
20	0.7192746791514241
21	0.7129206293250356
22	0.7183387159938235
23	0.7143112163126693
24	0.7191745217267665
25	0.7012286073902546
26	0.7007962372060381
27	0.7088520569765069
28	0.7191328382731417
29	0.7127753319030783
30	0.699825534078171
31	0.7111326242904671
32	0.7086655038005039
33	0.6981388803074653
34	0.723051502500423
35	0.683566720373463
36	0.7107671433203461
37	0.7060662429920432
38	0.6963381909576989
39	0.6868845037117067
40	0.7026034935997723
41	0.6772242443564975
42	0.6923916443654768
43	0.6747946489913488
44	0.7119531149499285
45	0.7028175191676409
46	0.7018612557698458
47	0.682967632936661
48	0.6980013036976997
49	0.656133766470163
50	0.6920218674711583
51	0.718278827407723
52	0.715716647018451
53	0.6673482339307109
54	0.6282689176580639
55	0.6891785045216294
56	0.6235798086586261
57	0.6273800523232677
58	0.6723325172471333
59	0.6576490739769532
60	0.3176301837274936
61	0.5719055746357405
62	0.6655879495713513
63	0.6264874936610357
64	0.5643386453277986
65	0.6758387649926431
66	0.6970468835188429
67	0.5935448844780857
69	0.4907083749605502
90	0.3130914239691513
116	0.2732127677146922
118	0.2895796104843997

[EPOCH LOSSES]
0
1
2
3
4
5
6
7
8
9
10
11
12
13
14
15
16
17
18
19
20
21
22
23
24
25
26
27
28
29
30
31
32
33
34
35
36
37
38
39

[SETTINGS]
ROOT_PATH	C:\Program Files\Python311\Lib\site-packages\thehow\dependency_probe
MODEL_NAME	bert_large_uncased
MODEL_PATH	D:\transformers\bert\bert_large_uncased
MODEL_NLAYER	24
NDIM_TOKEN_EMBEDDING	1024
MODEL_CUDA	False
ONSITE_EMBEDDINGS	False
HIDDEN_LAYER	2
ONSITE_PROBES	True
LEARNING_RATE	0.001
PROBE_RANK	64
PROBE_CUDA	False
BATCH_SIZE	100
PROBE_SAVEPATH	C:\Program Files\Python311\Lib\site-packages\thehow\dependency_probe\probes
EPOCHS	40
PROBE_LOSS_POW	2
CONLL_ALIAS	wsj
CONLL_PATH	C:\Program Files\Python311\Lib\site-packages\thehow\dependency_probe\datasets\conll\wsj
TRAIN_CONLL_PATH	C:\Program Files\Python311\Lib\site-packages\thehow\dependency_probe\datasets\conll\wsj\en_wsj-ud-train.conllu
DEV_CONLL_PATH	C:\Program Files\Python311\Lib\site-packages\thehow\dependency_probe\datasets\conll\wsj\en_wsj-ud-dev.conllu
TEST_CONLL_PATH	C:\Program Files\Python311\Lib\site-packages\thehow\dependency_probe\datasets\conll\wsj\en_wsj-ud-test.conllu
DEPD_DIRECTED	False
DATASET_PKL_PATH	C:\Program Files\Python311\Lib\site-packages\thehow\dependency_probe\datasets\pkl
REPORTS_PATH	C:\Program Files\Python311\Lib\site-packages\thehow\dependency_probe\reports
METHOD	pairwisedepd
