[Mean spearmanr for sents of len 5-50]
0.7286038252254706

[UUAS]
0.4784875713255067

[SPEARMANR]
sent_len	mean_spearmanr
2	0.9999999999999998
3	0.844259575865784
4	0.756106174691701
5	0.685288740720296
6	0.7317040207925126
7	0.7005933734309941
8	0.6980099737362532
9	0.7105393059596472
10	0.719264515962432
11	0.7346028959006372
12	0.7473158224315156
13	0.7483827812903346
14	0.7240232023293134
15	0.7396720145455757
16	0.7504574640186689
17	0.7437524542520453
18	0.739161143583615
19	0.7386741475862322
20	0.7437111619245563
21	0.7432824870186154
22	0.7451517956601965
23	0.7403219760938368
24	0.7465748603565423
25	0.7291180700770152
26	0.7273566027436379
27	0.7395777940525059
28	0.7447784410798919
29	0.7373485924692125
30	0.7281487053843296
31	0.7438234078346933
32	0.7365251154334361
33	0.7245835750305907
34	0.751692312939228
35	0.7157683476358244
36	0.7389231915610186
37	0.7346361392508468
38	0.7258103400505562
39	0.7170779579273454
40	0.7282717641296992
41	0.7065715823437559
42	0.716401710634853
43	0.702343406225869
44	0.7356536842780745
45	0.7322360715723503
46	0.7302765433565247
47	0.7074500878552692
48	0.7306474038554385
49	0.6822870097259895
50	0.7179839653298735
51	0.7378561933690392
52	0.7388733962751092
53	0.7029591414382131
54	0.6512091289313624
55	0.6996772072394872
56	0.6471694419673027
57	0.6350544528138351
58	0.6745262266116041
59	0.684486004470556
60	0.3324236137900609
61	0.6074776843103046
62	0.6931210847342417
63	0.661234701029756
64	0.5849795828176344
65	0.7287486026652675
66	0.7094184380238648
67	0.5846585916193073
69	0.5242768247460778
90	0.3676251991016798
116	0.29706717691102186
118	0.36905512382740685

[EPOCH LOSSES]
0
1
2
3
4
5
6
7
8
9
10
11
12
13
14
15
16
17
18
19
20
21
22
23
24
25
26
27
28
29
30
31
32
33
34
35
36
37
38
39

[SETTINGS]
ROOT_PATH	C:\Program Files\Python311\Lib\site-packages\thehow\dependency_probe
MODEL_NAME	bert_large_uncased
MODEL_PATH	D:\transformers\bert\bert_large_uncased
MODEL_NLAYER	24
NDIM_TOKEN_EMBEDDING	1024
MODEL_CUDA	False
ONSITE_EMBEDDINGS	False
HIDDEN_LAYER	4
ONSITE_PROBES	True
LEARNING_RATE	0.001
PROBE_RANK	64
PROBE_CUDA	False
BATCH_SIZE	100
PROBE_SAVEPATH	C:\Program Files\Python311\Lib\site-packages\thehow\dependency_probe\probes
EPOCHS	40
PROBE_LOSS_POW	2
CONLL_ALIAS	wsj
CONLL_PATH	C:\Program Files\Python311\Lib\site-packages\thehow\dependency_probe\datasets\conll\wsj
TRAIN_CONLL_PATH	C:\Program Files\Python311\Lib\site-packages\thehow\dependency_probe\datasets\conll\wsj\en_wsj-ud-train.conllu
DEV_CONLL_PATH	C:\Program Files\Python311\Lib\site-packages\thehow\dependency_probe\datasets\conll\wsj\en_wsj-ud-dev.conllu
TEST_CONLL_PATH	C:\Program Files\Python311\Lib\site-packages\thehow\dependency_probe\datasets\conll\wsj\en_wsj-ud-test.conllu
DEPD_DIRECTED	False
DATASET_PKL_PATH	C:\Program Files\Python311\Lib\site-packages\thehow\dependency_probe\datasets\pkl
REPORTS_PATH	C:\Program Files\Python311\Lib\site-packages\thehow\dependency_probe\reports
METHOD	pairwisedepd
