[Mean spearmanr for sents of len 5-50]
0.6497722248776067

[UUAS]
0.4556634091952515

[SPEARMANR]
sent_len	mean_spearmanr
2	0.9999999999999998
3	0.8487640803702885
4	0.7252660626078666
5	0.6346302343435438
6	0.6991159203782719
7	0.6599836001416434
8	0.6406168590545241
9	0.6687504664479856
10	0.6543219123175879
11	0.654009740603381
12	0.6612715289120951
13	0.6711542813115329
14	0.6540462728495675
15	0.6624108037895363
16	0.6516514413027932
17	0.653343683188854
18	0.6618130309081698
19	0.6567023951849458
20	0.6505237031900747
21	0.6574973917509901
22	0.6467701336057916
23	0.6523125747091406
24	0.6476082621736151
25	0.6514816725936303
26	0.6596963093183108
27	0.6543413540946644
28	0.6551714643478208
29	0.6531752016498269
30	0.6332061525690591
31	0.6611172927891571
32	0.6639031023041451
33	0.6635403275857109
34	0.6642243225583714
35	0.6353719597142662
36	0.6466282797297961
37	0.6358811691992322
38	0.6227078164450166
39	0.6489167800452073
40	0.658425111248994
41	0.6305727553806939
42	0.6510527435204716
43	0.6307973654804359
44	0.6481604777247214
45	0.6522543455202604
46	0.6421979889984797
47	0.6370043132232667
48	0.6244866871919469
49	0.6198513869225232
50	0.606821728049856
51	0.6662977795521724
52	0.6356250641817749
53	0.642104049180476
54	0.5718025190659731
55	0.6091990330484135
56	0.586374507287662
57	0.6367331438587719
58	0.5980997376912305
59	0.5517258003283898
60	0.3352720605080027
61	0.5802858321184329
62	0.6565946380329926
63	0.5538799146468788
64	0.5327807609766362
65	0.6546869426084849
66	0.6333637102333671
67	0.5649611717601208
69	0.5976876722797302
90	0.4831008835926785
116	0.4177584285357585
118	0.37258379664541574

[EPOCH LOSSES]
0
1
2
3
4
5
6
7
8
9
10
11
12
13
14
15
16
17
18
19
20
21
22
23
24
25
26
27
28
29
30
31
32
33
34
35
36
37
38
39

[SETTINGS]
ROOT_PATH	C:\Program Files\Python311\Lib\site-packages\thehow\dependency_probe
MODEL_NAME	bert_large_uncased
MODEL_PATH	D:\transformers\bert\bert_large_uncased
MODEL_NLAYER	24
NDIM_TOKEN_EMBEDDING	1024
MODEL_CUDA	False
ONSITE_EMBEDDINGS	False
HIDDEN_LAYER	23
ONSITE_PROBES	True
LEARNING_RATE	0.001
PROBE_RANK	64
PROBE_CUDA	False
BATCH_SIZE	100
PROBE_SAVEPATH	C:\Program Files\Python311\Lib\site-packages\thehow\dependency_probe\probes
EPOCHS	40
PROBE_LOSS_POW	2
CONLL_ALIAS	wsj
CONLL_PATH	C:\Program Files\Python311\Lib\site-packages\thehow\dependency_probe\datasets\conll\wsj
TRAIN_CONLL_PATH	C:\Program Files\Python311\Lib\site-packages\thehow\dependency_probe\datasets\conll\wsj\en_wsj-ud-train.conllu
DEV_CONLL_PATH	C:\Program Files\Python311\Lib\site-packages\thehow\dependency_probe\datasets\conll\wsj\en_wsj-ud-dev.conllu
TEST_CONLL_PATH	C:\Program Files\Python311\Lib\site-packages\thehow\dependency_probe\datasets\conll\wsj\en_wsj-ud-test.conllu
DEPD_DIRECTED	False
DATASET_PKL_PATH	C:\Program Files\Python311\Lib\site-packages\thehow\dependency_probe\datasets\pkl
REPORTS_PATH	C:\Program Files\Python311\Lib\site-packages\thehow\dependency_probe\reports
METHOD	pairwisedepd
