[Mean spearmanr for sents of len 5-50]
0.8183170594573062

[UUAS]
0.568242933036007

[SPEARMANR]
sent_len	mean_spearmanr
2	0.9999999999999998
3	0.8622775938838021
4	0.7608680794536058
5	0.7011454994191124
6	0.7682155480224067
7	0.7893496820941318
8	0.7658598613900077
9	0.8095456429933061
10	0.7933606056165587
11	0.8072044113730027
12	0.8249655613216806
13	0.8343483703004345
14	0.8063139639385127
15	0.8195420923148601
16	0.8297996553763916
17	0.8386280680856382
18	0.8364196666146672
19	0.8380726535361503
20	0.826724229574702
21	0.8293601554734008
22	0.8353761086196553
23	0.8311176138943501
24	0.8342627788453175
25	0.8399299225843141
26	0.8340945756425198
27	0.836697970299398
28	0.8408427100280259
29	0.8357111852358693
30	0.8250796606024183
31	0.8381466954259756
32	0.8345223475030382
33	0.8329489922126369
34	0.8431232371591878
35	0.8250879870205845
36	0.829451426769481
37	0.8284249548646935
38	0.8274189793819988
39	0.8263763255254449
40	0.8311139094197775
41	0.8136281059040562
42	0.8144666656039448
43	0.8021314062631454
44	0.8195393566059637
45	0.83213834234215
46	0.8276559611967262
47	0.8093388292046984
48	0.807601548526326
49	0.7708673409990758
50	0.796634129910345
51	0.8526773936220291
52	0.820583713987918
53	0.8220226370049637
54	0.7611171332576885
55	0.7580388121163042
56	0.7286179167609403
57	0.759517788972349
58	0.762513697108266
59	0.7528706365329337
60	0.4228318078639372
61	0.6791984236764473
62	0.8438496564312108
63	0.8168396567241718
64	0.6573125312018615
65	0.7793536142838426
66	0.8406683460101829
67	0.7284136949031403
69	0.7145062693260517
90	0.5308767762995725
116	0.5600782183062001
118	0.48698811111574597

[EPOCH LOSSES]
0
1
2
3
4
5
6
7
8
9
10
11
12
13
14
15
16
17
18
19
20
21
22
23
24
25
26
27
28
29
30
31
32
33
34
35
36
37
38
39

[SETTINGS]
ROOT_PATH	C:\Program Files\Python311\Lib\site-packages\thehow\dependency_probe
MODEL_NAME	bert_large_uncased
MODEL_PATH	D:\transformers\bert\bert_large_uncased
MODEL_NLAYER	24
NDIM_TOKEN_EMBEDDING	1024
MODEL_CUDA	False
ONSITE_EMBEDDINGS	False
HIDDEN_LAYER	16
ONSITE_PROBES	True
LEARNING_RATE	0.001
PROBE_RANK	64
PROBE_CUDA	False
BATCH_SIZE	100
PROBE_SAVEPATH	C:\Program Files\Python311\Lib\site-packages\thehow\dependency_probe\probes
EPOCHS	40
PROBE_LOSS_POW	2
CONLL_ALIAS	wsj
CONLL_PATH	C:\Program Files\Python311\Lib\site-packages\thehow\dependency_probe\datasets\conll\wsj
TRAIN_CONLL_PATH	C:\Program Files\Python311\Lib\site-packages\thehow\dependency_probe\datasets\conll\wsj\en_wsj-ud-train.conllu
DEV_CONLL_PATH	C:\Program Files\Python311\Lib\site-packages\thehow\dependency_probe\datasets\conll\wsj\en_wsj-ud-dev.conllu
TEST_CONLL_PATH	C:\Program Files\Python311\Lib\site-packages\thehow\dependency_probe\datasets\conll\wsj\en_wsj-ud-test.conllu
DEPD_DIRECTED	False
DATASET_PKL_PATH	C:\Program Files\Python311\Lib\site-packages\thehow\dependency_probe\datasets\pkl
REPORTS_PATH	C:\Program Files\Python311\Lib\site-packages\thehow\dependency_probe\reports
METHOD	pairwisedepd
