[Mean spearmanr for sents of len 5-50]
0.7124724163336801

[UUAS]
0.4556634091952515

[SPEARMANR]
sent_len	mean_spearmanr
2	0.9999999999999998
3	0.8307460623522706
4	0.6938150374055858
5	0.5648797349302358
6	0.6858646722685052
7	0.6529453997113805
8	0.667198984115331
9	0.6796272092196434
10	0.7004475397667793
11	0.7032756867173611
12	0.7283444192518039
13	0.7414152944707847
14	0.714420128680892
15	0.7242764108543512
16	0.739273075601722
17	0.7344145311047594
18	0.7329023850901656
19	0.7339718774596021
20	0.7374820793756041
21	0.740181549969181
22	0.7376856235221955
23	0.7303758398002543
24	0.7326042632000703
25	0.7275038647388263
26	0.7223814359421948
27	0.7323579240886525
28	0.7382107502762332
29	0.7251794550359352
30	0.7184240886028466
31	0.732781495770666
32	0.7357922545276251
33	0.7199776313336752
34	0.7389141523692694
35	0.707173975261645
36	0.7223444733670187
37	0.7232753316762881
38	0.7151955003079491
39	0.7086573980605825
40	0.7184633412560334
41	0.6994488488473289
42	0.7048738188711386
43	0.6904376519774487
44	0.7171079085805223
45	0.713545210203632
46	0.7158341771561127
47	0.6997663118160807
48	0.7007668606180946
49	0.6729465810728286
50	0.6907840044800334
51	0.7384890733507108
52	0.7223078029583652
53	0.6954215071588253
54	0.6431744128254948
55	0.6857034022744578
56	0.6400342841850459
57	0.6197052202935875
58	0.6600274366387123
59	0.6686458909287263
60	0.33239279711233877
61	0.6097754405121325
62	0.694027028792518
63	0.6752081821514738
64	0.5726039189388896
65	0.7618927546766409
66	0.6902048852122871
67	0.5737697958082616
69	0.5527154705410978
90	0.4265068147141095
116	0.40344646178089816
118	0.4471112954121173

[EPOCH LOSSES]
0
1
2
3
4
5
6
7
8
9
10
11
12
13
14
15
16
17
18
19
20
21
22
23
24
25
26
27
28
29
30
31
32
33
34
35
36
37
38
39

[SETTINGS]
ROOT_PATH	C:\Program Files\Python311\Lib\site-packages\thehow\dependency_probe
MODEL_NAME	bert_large_uncased
MODEL_PATH	D:\transformers\bert\bert_large_uncased
MODEL_NLAYER	24
NDIM_TOKEN_EMBEDDING	1024
MODEL_CUDA	False
ONSITE_EMBEDDINGS	False
HIDDEN_LAYER	7
ONSITE_PROBES	True
LEARNING_RATE	0.001
PROBE_RANK	64
PROBE_CUDA	False
BATCH_SIZE	100
PROBE_SAVEPATH	C:\Program Files\Python311\Lib\site-packages\thehow\dependency_probe\probes
EPOCHS	40
PROBE_LOSS_POW	2
CONLL_ALIAS	wsj
CONLL_PATH	C:\Program Files\Python311\Lib\site-packages\thehow\dependency_probe\datasets\conll\wsj
TRAIN_CONLL_PATH	C:\Program Files\Python311\Lib\site-packages\thehow\dependency_probe\datasets\conll\wsj\en_wsj-ud-train.conllu
DEV_CONLL_PATH	C:\Program Files\Python311\Lib\site-packages\thehow\dependency_probe\datasets\conll\wsj\en_wsj-ud-dev.conllu
TEST_CONLL_PATH	C:\Program Files\Python311\Lib\site-packages\thehow\dependency_probe\datasets\conll\wsj\en_wsj-ud-test.conllu
DEPD_DIRECTED	False
DATASET_PKL_PATH	C:\Program Files\Python311\Lib\site-packages\thehow\dependency_probe\datasets\pkl
REPORTS_PATH	C:\Program Files\Python311\Lib\site-packages\thehow\dependency_probe\reports
METHOD	pairwisedepd
