[Mean spearmanr for sents of len 5-50]
0.8175015274827814

[UUAS]
0.5697951509586585

[SPEARMANR]
sent_len	mean_spearmanr
2	0.9999999999999998
3	0.8757911073973156
4	0.7574898385728539
5	0.6949766123713459
6	0.7704845917925279
7	0.7939798837862942
8	0.7656602810969301
9	0.8123754962559148
10	0.7959720556688502
11	0.8170148859268574
12	0.8296132852255684
13	0.8409447864809007
14	0.8071166851979972
15	0.8236626221544714
16	0.8332390603624759
17	0.8376335946947249
18	0.8356148199042287
19	0.8360001231778752
20	0.8277978951033125
21	0.8316807985713288
22	0.8343785451225805
23	0.8331191183968847
24	0.8356690073591458
25	0.8403162030652683
26	0.8298268798606119
27	0.8364925334001214
28	0.8418749107414556
29	0.8322989678609704
30	0.8238025768983926
31	0.8346768207635926
32	0.8319914908377176
33	0.8323359205965252
34	0.8436479827926999
35	0.8200395177963659
36	0.8242394666766787
37	0.8243362309617183
38	0.8261372291549475
39	0.821925426583836
40	0.8265636010475079
41	0.8086665682647118
42	0.8127574682986634
43	0.7978794294229283
44	0.8154952365650419
45	0.8294998553417863
46	0.8203329903938202
47	0.8052864629870855
48	0.8111050896924576
49	0.7636317253723908
50	0.7929755301804308
51	0.8459756349475921
52	0.822627791893036
53	0.7963506713995477
54	0.7526676727268563
55	0.7531206463788379
56	0.7283472995810665
57	0.760856217049835
58	0.7636855638086241
59	0.7534551368174335
60	0.39647159050541025
61	0.6797546009318385
62	0.8186707741466565
63	0.8144838839792822
64	0.65957802342832
65	0.7797953481491063
66	0.8163003809409579
67	0.714244906358426
69	0.6930466575489567
90	0.4928764400030434
116	0.521696636210063
118	0.45933882958314426

[EPOCH LOSSES]
0
1
2
3
4
5
6
7
8
9
10
11
12
13
14
15
16
17
18
19
20
21
22
23
24
25
26
27
28
29
30
31
32
33
34
35
36
37
38
39

[SETTINGS]
ROOT_PATH	C:\Program Files\Python311\Lib\site-packages\thehow\dependency_probe
MODEL_NAME	bert_large_uncased
MODEL_PATH	D:\transformers\bert\bert_large_uncased
MODEL_NLAYER	24
NDIM_TOKEN_EMBEDDING	1024
MODEL_CUDA	False
ONSITE_EMBEDDINGS	False
HIDDEN_LAYER	15
ONSITE_PROBES	True
LEARNING_RATE	0.001
PROBE_RANK	64
PROBE_CUDA	False
BATCH_SIZE	100
PROBE_SAVEPATH	C:\Program Files\Python311\Lib\site-packages\thehow\dependency_probe\probes
EPOCHS	40
PROBE_LOSS_POW	2
CONLL_ALIAS	wsj
CONLL_PATH	C:\Program Files\Python311\Lib\site-packages\thehow\dependency_probe\datasets\conll\wsj
TRAIN_CONLL_PATH	C:\Program Files\Python311\Lib\site-packages\thehow\dependency_probe\datasets\conll\wsj\en_wsj-ud-train.conllu
DEV_CONLL_PATH	C:\Program Files\Python311\Lib\site-packages\thehow\dependency_probe\datasets\conll\wsj\en_wsj-ud-dev.conllu
TEST_CONLL_PATH	C:\Program Files\Python311\Lib\site-packages\thehow\dependency_probe\datasets\conll\wsj\en_wsj-ud-test.conllu
DEPD_DIRECTED	False
DATASET_PKL_PATH	C:\Program Files\Python311\Lib\site-packages\thehow\dependency_probe\datasets\pkl
REPORTS_PATH	C:\Program Files\Python311\Lib\site-packages\thehow\dependency_probe\reports
METHOD	pairwisedepd
