[Mean spearmanr for sents of len 5-50]
0.7293986084921914

[UUAS]
0.4738309175575523

[SPEARMANR]
sent_len	mean_spearmanr
2	0.9999999999999998
3	0.8217370533432615
4	0.7008456256798966
5	0.6054254712503844
6	0.6701524392866127
7	0.6686320530354101
8	0.6876553224295111
9	0.7006922313750179
10	0.7138273483287307
11	0.7299461298546982
12	0.7505754793346852
13	0.7585429295052023
14	0.7344888025679207
15	0.7448125769998213
16	0.7543789718608387
17	0.7466687527553347
18	0.7503232574306374
19	0.7480274324305699
20	0.7483526716676377
21	0.7528322950806172
22	0.7514235023642569
23	0.7449494626334848
24	0.7458008883380197
25	0.7416272581675278
26	0.7340806365938699
27	0.7489099652411967
28	0.7516114391736173
29	0.7428145590384495
30	0.7333580898340969
31	0.7484096905554942
32	0.7512383195530685
33	0.7338701665497196
34	0.7542366663961872
35	0.7239280026264658
36	0.7403382129618084
37	0.7365816607472023
38	0.7334216682936389
39	0.7278471691961929
40	0.7369853202964001
41	0.7176588349443975
42	0.7236683875063004
43	0.7117674296179708
44	0.7346222155692093
45	0.7339047379108927
46	0.7327125445468752
47	0.717209310089208
48	0.7281057102610615
49	0.6856599086479361
50	0.7202600677926325
51	0.7525531187197088
52	0.7383442761010621
53	0.7041819301503434
54	0.6724243411780082
55	0.7014089680339276
56	0.6566966553026796
57	0.6467531257220456
58	0.6912337580396191
59	0.6947757267759784
60	0.3189229150745835
61	0.6143312154206232
62	0.7187258168081465
63	0.6875731183476126
64	0.5891331685870969
65	0.7683184732338049
66	0.7186825334810348
67	0.5935402624962297
69	0.5679333371319163
90	0.41886581572097786
116	0.4167785965437255
118	0.43441741192003863

[EPOCH LOSSES]
0
1
2
3
4
5
6
7
8
9
10
11
12
13
14
15
16
17
18
19
20
21
22
23
24
25
26
27
28
29
30
31
32
33
34
35
36
37
38
39

[SETTINGS]
ROOT_PATH	C:\Program Files\Python311\Lib\site-packages\thehow\dependency_probe
MODEL_NAME	bert_large_uncased
MODEL_PATH	D:\transformers\bert\bert_large_uncased
MODEL_NLAYER	24
NDIM_TOKEN_EMBEDDING	1024
MODEL_CUDA	False
ONSITE_EMBEDDINGS	False
HIDDEN_LAYER	8
ONSITE_PROBES	True
LEARNING_RATE	0.001
PROBE_RANK	64
PROBE_CUDA	False
BATCH_SIZE	100
PROBE_SAVEPATH	C:\Program Files\Python311\Lib\site-packages\thehow\dependency_probe\probes
EPOCHS	40
PROBE_LOSS_POW	2
CONLL_ALIAS	wsj
CONLL_PATH	C:\Program Files\Python311\Lib\site-packages\thehow\dependency_probe\datasets\conll\wsj
TRAIN_CONLL_PATH	C:\Program Files\Python311\Lib\site-packages\thehow\dependency_probe\datasets\conll\wsj\en_wsj-ud-train.conllu
DEV_CONLL_PATH	C:\Program Files\Python311\Lib\site-packages\thehow\dependency_probe\datasets\conll\wsj\en_wsj-ud-dev.conllu
TEST_CONLL_PATH	C:\Program Files\Python311\Lib\site-packages\thehow\dependency_probe\datasets\conll\wsj\en_wsj-ud-test.conllu
DEPD_DIRECTED	False
DATASET_PKL_PATH	C:\Program Files\Python311\Lib\site-packages\thehow\dependency_probe\datasets\pkl
REPORTS_PATH	C:\Program Files\Python311\Lib\site-packages\thehow\dependency_probe\reports
METHOD	pairwisedepd
