[Mean spearmanr for sents of len 5-50]
0.6439558127934889

[UUAS]
0.4598609562536892

[SPEARMANR]
sent_len	mean_spearmanr
2	0.9999999999999998
3	0.8217370533432615
4	0.7195068693461623
5	0.6461481014004057
6	0.6796172592537377
7	0.6596595417768295
8	0.6356694648316058
9	0.6776389068824497
10	0.6590691021013965
11	0.6532642066164445
12	0.6618533887127382
13	0.6730349486913199
14	0.6607164466638512
15	0.652507775268211
16	0.6544216259002238
17	0.6517447422915644
18	0.6582738032258786
19	0.6536674583794924
20	0.6455042683549673
21	0.6508556485531959
22	0.6406700465151414
23	0.6438300835857403
24	0.6451236902761479
25	0.6445533776907957
26	0.6451676639249091
27	0.6455675971603021
28	0.646362619069831
29	0.6465992156416982
30	0.6217754962051961
31	0.6531489156294464
32	0.6535699278113144
33	0.6535830470875473
34	0.655480563556585
35	0.6236363079705384
36	0.6386320604007467
37	0.6324390803111233
38	0.6178846458715205
39	0.6379832992762124
40	0.6462783115124809
41	0.6211692650831083
42	0.6382128681099537
43	0.6298720706579706
44	0.637493928973416
45	0.6420093245772716
46	0.6371901541663215
47	0.6342034064580538
48	0.6096887154316671
49	0.6086745322556306
50	0.5975204843855044
51	0.6532723631005787
52	0.6209830165803875
53	0.6352685589692549
54	0.5718255995130467
55	0.597396483835549
56	0.5785160401256427
57	0.6153382748854395
58	0.5843139905408551
59	0.5409487734134943
60	0.32303358902142537
61	0.5850787963772892
62	0.6247448464724056
63	0.528667869011717
64	0.5095500685197244
65	0.6040051701087071
66	0.628144163953025
67	0.5547476841777885
69	0.5899284009884818
90	0.46372505664330527
116	0.4111709271999196
118	0.38087739994958925

[EPOCH LOSSES]
0
1
2
3
4
5
6
7
8
9
10
11
12
13
14
15
16
17
18
19
20
21
22
23
24
25
26
27
28
29
30
31
32
33
34
35
36
37
38
39

[SETTINGS]
ROOT_PATH	C:\Program Files\Python311\Lib\site-packages\thehow\dependency_probe
MODEL_NAME	bert_large_uncased
MODEL_PATH	D:\transformers\bert\bert_large_uncased
MODEL_NLAYER	24
NDIM_TOKEN_EMBEDDING	1024
MODEL_CUDA	False
ONSITE_EMBEDDINGS	False
HIDDEN_LAYER	24
ONSITE_PROBES	True
LEARNING_RATE	0.001
PROBE_RANK	64
PROBE_CUDA	False
BATCH_SIZE	100
PROBE_SAVEPATH	C:\Program Files\Python311\Lib\site-packages\thehow\dependency_probe\probes
EPOCHS	40
PROBE_LOSS_POW	2
CONLL_ALIAS	wsj
CONLL_PATH	C:\Program Files\Python311\Lib\site-packages\thehow\dependency_probe\datasets\conll\wsj
TRAIN_CONLL_PATH	C:\Program Files\Python311\Lib\site-packages\thehow\dependency_probe\datasets\conll\wsj\en_wsj-ud-train.conllu
DEV_CONLL_PATH	C:\Program Files\Python311\Lib\site-packages\thehow\dependency_probe\datasets\conll\wsj\en_wsj-ud-dev.conllu
TEST_CONLL_PATH	C:\Program Files\Python311\Lib\site-packages\thehow\dependency_probe\datasets\conll\wsj\en_wsj-ud-test.conllu
DEPD_DIRECTED	False
DATASET_PKL_PATH	C:\Program Files\Python311\Lib\site-packages\thehow\dependency_probe\datasets\pkl
REPORTS_PATH	C:\Program Files\Python311\Lib\site-packages\thehow\dependency_probe\reports
METHOD	pairwisedepd
