[Mean spearmanr for sents of len 5-50]
0.8121322587922307

[UUAS]
0.5649526682844712

[SPEARMANR]
sent_len	mean_spearmanr
2	0.9999999999999998
3	0.8037190353252435
4	0.7399381522749341
5	0.7227409134083014
6	0.7870900039623067
7	0.7929160004961956
8	0.7839749829723648
9	0.8049175385032329
10	0.8077058717334842
11	0.8204683719654898
12	0.8308774523038326
13	0.8487702289249216
14	0.8105240654586946
15	0.8275853941661561
16	0.8299010292822733
17	0.8339971030957792
18	0.8309572613036815
19	0.8286946471667033
20	0.8222377545472384
21	0.8269106715135331
22	0.8263824215457947
23	0.8266777675158444
24	0.8290544272162698
25	0.82894523531902
26	0.8190914282409836
27	0.8250904553860371
28	0.8317491240208947
29	0.8250168175982125
30	0.8145940301627395
31	0.8230780780351226
32	0.8248647107816428
33	0.8140939511827104
34	0.8355944183885707
35	0.8093067268193951
36	0.8143442403476874
37	0.813536016963079
38	0.8179936460928457
39	0.8094606312371743
40	0.8170864556936082
41	0.802115106284545
42	0.7976480075943246
43	0.7840288802827741
44	0.8039630608601533
45	0.8113171399347447
46	0.8059376963566232
47	0.7969248581440824
48	0.8011371278651973
49	0.7479612208573733
50	0.790820932910979
51	0.8269156340768739
52	0.8137987785895187
53	0.7704383181320238
54	0.7263118118787678
55	0.7443941412908729
56	0.7088779918329589
57	0.7335186088829002
58	0.7616634407857862
59	0.7223101119894825
60	0.36971712563264325
61	0.652307621177603
62	0.7663204254783539
63	0.7848702901811901
64	0.6510623177762367
65	0.7977214131865592
66	0.8076080904307208
67	0.6835502372029246
69	0.6671543141969651
90	0.48825117659948086
116	0.5157239939128776
118	0.4511965260649581

[EPOCH LOSSES]
0
1
2
3
4
5
6
7
8
9
10
11
12
13
14
15
16
17
18
19
20
21
22
23
24
25
26
27
28
29
30
31
32
33
34
35
36
37
38
39

[SETTINGS]
ROOT_PATH	C:\Program Files\Python311\Lib\site-packages\thehow\dependency_probe
MODEL_NAME	bert_large_uncased
MODEL_PATH	D:\transformers\bert\bert_large_uncased
MODEL_NLAYER	24
NDIM_TOKEN_EMBEDDING	1024
MODEL_CUDA	False
ONSITE_EMBEDDINGS	False
HIDDEN_LAYER	13
ONSITE_PROBES	True
LEARNING_RATE	0.001
PROBE_RANK	64
PROBE_CUDA	False
BATCH_SIZE	100
PROBE_SAVEPATH	C:\Program Files\Python311\Lib\site-packages\thehow\dependency_probe\probes
EPOCHS	40
PROBE_LOSS_POW	2
CONLL_ALIAS	wsj
CONLL_PATH	C:\Program Files\Python311\Lib\site-packages\thehow\dependency_probe\datasets\conll\wsj
TRAIN_CONLL_PATH	C:\Program Files\Python311\Lib\site-packages\thehow\dependency_probe\datasets\conll\wsj\en_wsj-ud-train.conllu
DEV_CONLL_PATH	C:\Program Files\Python311\Lib\site-packages\thehow\dependency_probe\datasets\conll\wsj\en_wsj-ud-dev.conllu
TEST_CONLL_PATH	C:\Program Files\Python311\Lib\site-packages\thehow\dependency_probe\datasets\conll\wsj\en_wsj-ud-test.conllu
DEPD_DIRECTED	False
DATASET_PKL_PATH	C:\Program Files\Python311\Lib\site-packages\thehow\dependency_probe\datasets\pkl
REPORTS_PATH	C:\Program Files\Python311\Lib\site-packages\thehow\dependency_probe\reports
METHOD	pairwisedepd
