[Mean spearmanr for sents of len 5-50]
0.6993659585069649

[UUAS]
0.4674034236243195

[SPEARMANR]
sent_len	mean_spearmanr
2	0.9999999999999998
3	0.826241557847766
4	0.7071034631915005
5	0.6439880369704815
6	0.695549912475769
7	0.6701779116838619
8	0.6629472996911118
9	0.6742976042371039
10	0.6939222386106163
11	0.6862921982727681
12	0.7093422968182926
13	0.7130447816878942
14	0.6864024302850298
15	0.7056771877799707
16	0.7187435787185158
17	0.7090594731023788
18	0.7109300922493849
19	0.708329606845679
20	0.7136760378069058
21	0.709818174039088
22	0.7130975675691512
23	0.713753130011225
24	0.7139057291490635
25	0.6978444910417974
26	0.6969978785013499
27	0.7056321493604792
28	0.716018827835769
29	0.7065189252037213
30	0.6968495994482523
31	0.71319753336085
32	0.7101253478887154
33	0.6988480493767744
34	0.7208619070266755
35	0.6869330861549118
36	0.716615898265025
37	0.7081463031859614
38	0.70168755004582
39	0.69093752818649
40	0.7079760626612296
41	0.6802406948970574
42	0.6948752839371323
43	0.6809026408764274
44	0.7155100530869799
45	0.7116051244116735
46	0.706099798313317
47	0.6904121322786128
48	0.7024185931000344
49	0.6627408892330179
50	0.697882455638018
51	0.7222340508629709
52	0.7193563352312383
53	0.6763537076921752
54	0.647744268400082
55	0.6970133350707028
56	0.6333599060644594
57	0.6406493261013348
58	0.6857627290391668
59	0.6741321756721106
60	0.32921876576716375
61	0.5829108440485206
62	0.6616344623054499
63	0.6133971213336346
64	0.5905002527193287
65	0.6844365758311645
66	0.7063603859111985
67	0.6099608995444094
69	0.519020253130589
90	0.344932832151944
116	0.3122552334220537
118	0.3214621693078085

[EPOCH LOSSES]
0
1
2
3
4
5
6
7
8
9
10
11
12
13
14
15
16
17
18
19
20
21
22
23
24
25
26
27
28
29
30
31
32
33
34
35
36
37
38
39

[SETTINGS]
ROOT_PATH	C:\Program Files\Python311\Lib\site-packages\thehow\dependency_probe
MODEL_NAME	bert_large_uncased
MODEL_PATH	D:\transformers\bert\bert_large_uncased
MODEL_NLAYER	24
NDIM_TOKEN_EMBEDDING	1024
MODEL_CUDA	False
ONSITE_EMBEDDINGS	False
HIDDEN_LAYER	1
ONSITE_PROBES	True
LEARNING_RATE	0.001
PROBE_RANK	64
PROBE_CUDA	False
BATCH_SIZE	100
PROBE_SAVEPATH	C:\Program Files\Python311\Lib\site-packages\thehow\dependency_probe\probes
EPOCHS	40
PROBE_LOSS_POW	2
CONLL_ALIAS	wsj
CONLL_PATH	C:\Program Files\Python311\Lib\site-packages\thehow\dependency_probe\datasets\conll\wsj
TRAIN_CONLL_PATH	C:\Program Files\Python311\Lib\site-packages\thehow\dependency_probe\datasets\conll\wsj\en_wsj-ud-train.conllu
DEV_CONLL_PATH	C:\Program Files\Python311\Lib\site-packages\thehow\dependency_probe\datasets\conll\wsj\en_wsj-ud-dev.conllu
TEST_CONLL_PATH	C:\Program Files\Python311\Lib\site-packages\thehow\dependency_probe\datasets\conll\wsj\en_wsj-ud-test.conllu
DEPD_DIRECTED	False
DATASET_PKL_PATH	C:\Program Files\Python311\Lib\site-packages\thehow\dependency_probe\datasets\pkl
REPORTS_PATH	C:\Program Files\Python311\Lib\site-packages\thehow\dependency_probe\reports
METHOD	pairwisedepd
