[Mean spearmanr for sents of len 5-50]
0.8171655754854844

[UUAS]
0.5700247043134169

[SPEARMANR]
sent_len	mean_spearmanr
2	0.9999999999999998
3	0.871286602892811
4	0.7536129534422022
5	0.702099680073852
6	0.7877051196685988
7	0.790777960058855
8	0.7774956934319851
9	0.8130222901321882
10	0.8027449324744423
11	0.8220488460816893
12	0.834701356790864
13	0.847528509820062
14	0.8104688928933039
15	0.8285195263369541
16	0.8311302549887357
17	0.8371365767415626
18	0.8344022991711195
19	0.8357704645612519
20	0.8283226466598165
21	0.8313477230217252
22	0.8349932232359825
23	0.8342410135010404
24	0.8352021971583857
25	0.8389032681193177
26	0.8256507763102253
27	0.8324087208889557
28	0.8383652649465685
29	0.8300072331637613
30	0.8201079429410508
31	0.8326132642448235
32	0.8296759352615287
33	0.825107292540109
34	0.8401773887430152
35	0.8163835776778703
36	0.8218376199215573
37	0.8215723467640074
38	0.8233927888493915
39	0.8195006793839186
40	0.8240646228854192
41	0.8066738494912334
42	0.8086299281814161
43	0.7934118749490265
44	0.8133673954323636
45	0.8214013117576091
46	0.8168379074717502
47	0.8074391276530123
48	0.8086442800523735
49	0.7576909399478767
50	0.7960919279516759
51	0.8413876628829681
52	0.8240664828363881
53	0.7880949210676387
54	0.742739872928625
55	0.7535165732200635
56	0.7285304791373194
57	0.74907056982101
58	0.7742284254560095
59	0.7448529748456355
60	0.3925062514152621
61	0.668228229701676
62	0.8035498999269919
63	0.8072512583369666
64	0.6572700854530727
65	0.7903469660120842
66	0.8111906267489389
67	0.7048587530883689
69	0.6719801022158142
90	0.49416257701788563
116	0.5272337099462592
118	0.47696131224894245

[EPOCH LOSSES]
0
1
2
3
4
5
6
7
8
9
10
11
12
13
14
15
16
17
18
19
20
21
22
23
24
25
26
27
28
29
30
31
32
33
34
35
36
37
38
39

[SETTINGS]
ROOT_PATH	C:\Program Files\Python311\Lib\site-packages\thehow\dependency_probe
MODEL_NAME	bert_large_uncased
MODEL_PATH	D:\transformers\bert\bert_large_uncased
MODEL_NLAYER	24
NDIM_TOKEN_EMBEDDING	1024
MODEL_CUDA	False
ONSITE_EMBEDDINGS	False
HIDDEN_LAYER	14
ONSITE_PROBES	True
LEARNING_RATE	0.001
PROBE_RANK	64
PROBE_CUDA	False
BATCH_SIZE	100
PROBE_SAVEPATH	C:\Program Files\Python311\Lib\site-packages\thehow\dependency_probe\probes
EPOCHS	40
PROBE_LOSS_POW	2
CONLL_ALIAS	wsj
CONLL_PATH	C:\Program Files\Python311\Lib\site-packages\thehow\dependency_probe\datasets\conll\wsj
TRAIN_CONLL_PATH	C:\Program Files\Python311\Lib\site-packages\thehow\dependency_probe\datasets\conll\wsj\en_wsj-ud-train.conllu
DEV_CONLL_PATH	C:\Program Files\Python311\Lib\site-packages\thehow\dependency_probe\datasets\conll\wsj\en_wsj-ud-dev.conllu
TEST_CONLL_PATH	C:\Program Files\Python311\Lib\site-packages\thehow\dependency_probe\datasets\conll\wsj\en_wsj-ud-test.conllu
DEPD_DIRECTED	False
DATASET_PKL_PATH	C:\Program Files\Python311\Lib\site-packages\thehow\dependency_probe\datasets\pkl
REPORTS_PATH	C:\Program Files\Python311\Lib\site-packages\thehow\dependency_probe\reports
METHOD	pairwisedepd
