[Mean spearmanr for sents of len 5-50]
0.6940106778803427

[UUAS]
0.478749918016659

[SPEARMANR]
sent_len	mean_spearmanr
2	0.9999999999999998
3	0.8893046209108291
4	0.7291115976921019
5	0.6944554011157551
6	0.728644017711602
7	0.6959983345469681
8	0.688180444687817
9	0.6789497974240328
10	0.7015650684524662
11	0.6867688975659153
12	0.713762844591353
13	0.7016520468682941
14	0.6761589097959585
15	0.6940771857639475
16	0.7050839718433007
17	0.6977917112928046
18	0.6962380969283689
19	0.694461205060143
20	0.6941918216738756
21	0.689452362766118
22	0.6957159613024056
23	0.6948381137089604
24	0.6954986458360803
25	0.6822553597757822
26	0.6834509983467786
27	0.6901411264695098
28	0.7027107519776828
29	0.6934648204226139
30	0.6865668523506323
31	0.7033909900299533
32	0.7006060328649986
33	0.6853935292470084
34	0.709723079409659
35	0.6742876327365133
36	0.7051617674869747
37	0.6996831351070277
38	0.6902718648938323
39	0.6877352463820386
40	0.7003560617347884
41	0.672383856015047
42	0.6862931278569259
43	0.6747048076649744
44	0.7114974373822668
45	0.7084988795012003
46	0.7008273916255939
47	0.685859651389979
48	0.7006759715718551
49	0.6688863990294897
50	0.6961795722864665
51	0.7149844494699165
52	0.7140573321607643
53	0.6844801970439222
54	0.6400173861199866
55	0.7042638310536448
56	0.6306041082540669
57	0.6379019511259468
58	0.6890014577113608
59	0.6812589454487278
60	0.40897130368634577
61	0.6017172291721278
62	0.6721017076323581
63	0.640431413834578
64	0.6139887331645525
65	0.6982232800615709
66	0.7141992257876723
67	0.6108243794971535
69	0.5966901663811133
90	0.427726150407245
116	0.38281114652332643
118	0.36537795920374116

[EPOCH LOSSES]
0
1
2
3
4
5
6
7
8
9
10
11
12
13
14
15
16
17
18
19
20
21
22
23
24
25
26
27
28
29
30
31
32
33
34
35
36
37
38
39

[SETTINGS]
ROOT_PATH	C:\Program Files\Python311\Lib\site-packages\thehow\dependency_probe
MODEL_NAME	bert_large_uncased
MODEL_PATH	D:\transformers\bert\bert_large_uncased
MODEL_NLAYER	24
NDIM_TOKEN_EMBEDDING	1024
MODEL_CUDA	False
ONSITE_EMBEDDINGS	False
HIDDEN_LAYER	0
ONSITE_PROBES	True
LEARNING_RATE	0.001
PROBE_RANK	64
PROBE_CUDA	False
BATCH_SIZE	100
PROBE_SAVEPATH	C:\Program Files\Python311\Lib\site-packages\thehow\dependency_probe\probes
EPOCHS	40
PROBE_LOSS_POW	2
CONLL_ALIAS	wsj
CONLL_PATH	C:\Program Files\Python311\Lib\site-packages\thehow\dependency_probe\datasets\conll\wsj
TRAIN_CONLL_PATH	C:\Program Files\Python311\Lib\site-packages\thehow\dependency_probe\datasets\conll\wsj\en_wsj-ud-train.conllu
DEV_CONLL_PATH	C:\Program Files\Python311\Lib\site-packages\thehow\dependency_probe\datasets\conll\wsj\en_wsj-ud-dev.conllu
TEST_CONLL_PATH	C:\Program Files\Python311\Lib\site-packages\thehow\dependency_probe\datasets\conll\wsj\en_wsj-ud-test.conllu
DEPD_DIRECTED	False
DATASET_PKL_PATH	C:\Program Files\Python311\Lib\site-packages\thehow\dependency_probe\datasets\pkl
REPORTS_PATH	C:\Program Files\Python311\Lib\site-packages\thehow\dependency_probe\reports
METHOD	pairwisedepd
