[Mean spearmanr for sents of len 5-50]
0.8110538010839651

[UUAS]
0.5648542882752892

[SPEARMANR]
sent_len	mean_spearmanr
2	0.9999999999999998
3	0.8397550713612796
4	0.70065243798922
5	0.6351604869025503
6	0.7513087635665353
7	0.7673048911663951
8	0.7286348698729096
9	0.7976184080234469
10	0.7892179739231016
11	0.7956547927618339
12	0.8168607274935183
13	0.8312492704315196
14	0.8004310467869459
15	0.8146848663133749
16	0.8236516550278813
17	0.8308302642126564
18	0.8270627139559724
19	0.8306086594507132
20	0.820638618938635
21	0.8277829676024819
22	0.8282444544458379
23	0.8263372360965185
24	0.8279914684070309
25	0.834641900351014
26	0.8275992118488278
27	0.8324244764745996
28	0.8344813071569389
29	0.830948053835033
30	0.8193267482673271
31	0.8309923126615386
32	0.8334047086292212
33	0.8291827418500909
34	0.8395076307027476
35	0.8211820569768112
36	0.8223406120051813
37	0.8246086350124532
38	0.8230689767436572
39	0.8204896211147015
40	0.8294964524808568
41	0.8141893729781401
42	0.8106216640642409
43	0.804755643587805
44	0.8225448975033223
45	0.8308746232733075
46	0.8242410466023805
47	0.8086332198959757
48	0.802436806549182
49	0.7742921258912712
50	0.7909158680259032
51	0.8478163395426283
52	0.8107375584050444
53	0.816896219557919
54	0.764274873289159
55	0.7609212230603594
56	0.7272398884365717
57	0.7626367474759154
58	0.7638143958243068
59	0.7431858775096877
60	0.4334505800347915
61	0.6913447554880461
62	0.8451541454334711
63	0.8198505744750735
64	0.6670010473808368
65	0.7778166533427365
66	0.8091135582556431
67	0.7201773006654683
69	0.724421299717047
90	0.53129487225394
116	0.5529257991663614
118	0.4925351886428823

[EPOCH LOSSES]
0
1
2
3
4
5
6
7
8
9
10
11
12
13
14
15
16
17
18
19
20
21
22
23
24
25
26
27
28
29
30
31
32
33
34
35
36
37
38
39

[SETTINGS]
ROOT_PATH	C:\Program Files\Python311\Lib\site-packages\thehow\dependency_probe
MODEL_NAME	bert_large_uncased
MODEL_PATH	D:\transformers\bert\bert_large_uncased
MODEL_NLAYER	24
NDIM_TOKEN_EMBEDDING	1024
MODEL_CUDA	False
ONSITE_EMBEDDINGS	False
HIDDEN_LAYER	17
ONSITE_PROBES	True
LEARNING_RATE	0.001
PROBE_RANK	64
PROBE_CUDA	False
BATCH_SIZE	100
PROBE_SAVEPATH	C:\Program Files\Python311\Lib\site-packages\thehow\dependency_probe\probes
EPOCHS	40
PROBE_LOSS_POW	2
CONLL_ALIAS	wsj
CONLL_PATH	C:\Program Files\Python311\Lib\site-packages\thehow\dependency_probe\datasets\conll\wsj
TRAIN_CONLL_PATH	C:\Program Files\Python311\Lib\site-packages\thehow\dependency_probe\datasets\conll\wsj\en_wsj-ud-train.conllu
DEV_CONLL_PATH	C:\Program Files\Python311\Lib\site-packages\thehow\dependency_probe\datasets\conll\wsj\en_wsj-ud-dev.conllu
TEST_CONLL_PATH	C:\Program Files\Python311\Lib\site-packages\thehow\dependency_probe\datasets\conll\wsj\en_wsj-ud-test.conllu
DEPD_DIRECTED	False
DATASET_PKL_PATH	C:\Program Files\Python311\Lib\site-packages\thehow\dependency_probe\datasets\pkl
REPORTS_PATH	C:\Program Files\Python311\Lib\site-packages\thehow\dependency_probe\reports
METHOD	pairwisedepd
