[Mean spearmanr for sents of len 5-50]
0.710547525047358

[UUAS]
0.46448481668524955

[SPEARMANR]
sent_len	mean_spearmanr
2	0.9999999999999998
3	0.8532685848747931
4	0.7079075640006235
5	0.5910108094148482
6	0.6833965044122077
7	0.6559481635196782
8	0.6679182496928359
9	0.6955247019694716
10	0.6923706316334227
11	0.7189719963342485
12	0.7359672759687955
13	0.739536925956931
14	0.7134673283330345
15	0.7245145893773219
16	0.7398277648788243
17	0.7341439056673631
18	0.7304835001675771
19	0.7313046789777834
20	0.7331724110404726
21	0.7337284522340608
22	0.7351376576275135
23	0.7269929057300477
24	0.7318766621029659
25	0.7220888860601365
26	0.7193505707695734
27	0.7282974695509439
28	0.7340371196248923
29	0.7196701010635141
30	0.7128070811535128
31	0.7294313636323048
32	0.730207606667342
33	0.7162329736820784
34	0.7355674218309692
35	0.7034789890864515
36	0.720481939626229
37	0.7199660204674214
38	0.7090827948102939
39	0.7030694479463416
40	0.7123990578418327
41	0.6909729598834693
42	0.6976219423582296
43	0.6832504482989419
44	0.7130898323218273
45	0.7103338407530155
46	0.709080161633283
47	0.6937502163437219
48	0.6954413127526368
49	0.6653182696195725
50	0.6948632093605303
51	0.7322778091970868
52	0.7216912675307439
53	0.6924502046571525
54	0.6366653085933515
55	0.6862868769129263
56	0.6242076929194083
57	0.613829780526751
58	0.6463257634969041
59	0.6635874602592888
60	0.3144113478676862
61	0.5943085406172178
62	0.6850893284478972
63	0.6495646403598166
64	0.5615792115433873
65	0.7350137379641074
66	0.6894093620339905
67	0.5733981002913444
69	0.5065072434451792
90	0.3649375078093846
116	0.3314092597321434
118	0.4013038502320087

[EPOCH LOSSES]
0
1
2
3
4
5
6
7
8
9
10
11
12
13
14
15
16
17
18
19
20
21
22
23
24
25
26
27
28
29
30
31
32
33
34
35
36
37
38
39

[SETTINGS]
ROOT_PATH	C:\Program Files\Python311\Lib\site-packages\thehow\dependency_probe
MODEL_NAME	bert_large_uncased
MODEL_PATH	D:\transformers\bert\bert_large_uncased
MODEL_NLAYER	24
NDIM_TOKEN_EMBEDDING	1024
MODEL_CUDA	False
ONSITE_EMBEDDINGS	False
HIDDEN_LAYER	6
ONSITE_PROBES	True
LEARNING_RATE	0.001
PROBE_RANK	64
PROBE_CUDA	False
BATCH_SIZE	100
PROBE_SAVEPATH	C:\Program Files\Python311\Lib\site-packages\thehow\dependency_probe\probes
EPOCHS	40
PROBE_LOSS_POW	2
CONLL_ALIAS	wsj
CONLL_PATH	C:\Program Files\Python311\Lib\site-packages\thehow\dependency_probe\datasets\conll\wsj
TRAIN_CONLL_PATH	C:\Program Files\Python311\Lib\site-packages\thehow\dependency_probe\datasets\conll\wsj\en_wsj-ud-train.conllu
DEV_CONLL_PATH	C:\Program Files\Python311\Lib\site-packages\thehow\dependency_probe\datasets\conll\wsj\en_wsj-ud-dev.conllu
TEST_CONLL_PATH	C:\Program Files\Python311\Lib\site-packages\thehow\dependency_probe\datasets\conll\wsj\en_wsj-ud-test.conllu
DEPD_DIRECTED	False
DATASET_PKL_PATH	C:\Program Files\Python311\Lib\site-packages\thehow\dependency_probe\datasets\pkl
REPORTS_PATH	C:\Program Files\Python311\Lib\site-packages\thehow\dependency_probe\reports
METHOD	pairwisedepd
