[Mean spearmanr for sents of len 5-50]
0.7097475750693011

[UUAS]
0.4590520539559695

[SPEARMANR]
sent_len	mean_spearmanr
2	0.9999999999999998
3	0.8307460623522706
4	0.7376694687625283
5	0.6634146353608764
6	0.715851836398817
7	0.6808874380796185
8	0.6753737976718024
9	0.6946992732361293
10	0.7015337142983239
11	0.7016242849387446
12	0.7238999773845064
13	0.7259004220792536
14	0.7024296664561579
15	0.7183075110453525
16	0.7277383933770389
17	0.7230372719540225
18	0.7200018426132835
19	0.7205758314794101
20	0.7265074433065948
21	0.7240462912457517
22	0.7254255843444668
23	0.7215808301471914
24	0.7260429690203579
25	0.7095945182745467
26	0.7079733790871329
27	0.720252293741285
28	0.7287392797133254
29	0.7228123409622774
30	0.7095981874545738
31	0.7234452106924623
32	0.7211382026756298
33	0.7086230228630334
34	0.7306340140787752
35	0.6942589221749108
36	0.720294419329751
37	0.7177320866244348
38	0.7090706859793862
39	0.698186630683589
40	0.7099974665707459
41	0.6855543399494469
42	0.6991883384135431
43	0.6840330811286421
44	0.7205997835551539
45	0.7200816892792662
46	0.7141232370201855
47	0.6910047753259996
48	0.7097328499125521
49	0.6682039048134367
50	0.7046367784460681
51	0.7237593846087186
52	0.7215936975270332
53	0.6861927980105875
54	0.6333877725997833
55	0.6906528394265181
56	0.6327604599108796
57	0.6256381266557769
58	0.6691769829358185
59	0.6728244619570413
60	0.3263507705096539
61	0.5861224438117463
62	0.694394808229444
63	0.6141400384213501
64	0.5812901334219887
65	0.6876201706146379
66	0.6927507303356317
67	0.5916653566053592
69	0.5008273016688056
90	0.33827861263801406
116	0.24299733870682957
118	0.2871687772411616

[EPOCH LOSSES]
0
1
2
3
4
5
6
7
8
9
10
11
12
13
14
15
16
17
18
19
20
21
22
23
24
25
26
27
28
29
30
31
32
33
34
35
36
37
38
39

[SETTINGS]
ROOT_PATH	C:\Program Files\Python311\Lib\site-packages\thehow\dependency_probe
MODEL_NAME	bert_large_uncased
MODEL_PATH	D:\transformers\bert\bert_large_uncased
MODEL_NLAYER	24
NDIM_TOKEN_EMBEDDING	1024
MODEL_CUDA	False
ONSITE_EMBEDDINGS	False
HIDDEN_LAYER	3
ONSITE_PROBES	True
LEARNING_RATE	0.001
PROBE_RANK	64
PROBE_CUDA	False
BATCH_SIZE	100
PROBE_SAVEPATH	C:\Program Files\Python311\Lib\site-packages\thehow\dependency_probe\probes
EPOCHS	40
PROBE_LOSS_POW	2
CONLL_ALIAS	wsj
CONLL_PATH	C:\Program Files\Python311\Lib\site-packages\thehow\dependency_probe\datasets\conll\wsj
TRAIN_CONLL_PATH	C:\Program Files\Python311\Lib\site-packages\thehow\dependency_probe\datasets\conll\wsj\en_wsj-ud-train.conllu
DEV_CONLL_PATH	C:\Program Files\Python311\Lib\site-packages\thehow\dependency_probe\datasets\conll\wsj\en_wsj-ud-dev.conllu
TEST_CONLL_PATH	C:\Program Files\Python311\Lib\site-packages\thehow\dependency_probe\datasets\conll\wsj\en_wsj-ud-test.conllu
DEPD_DIRECTED	False
DATASET_PKL_PATH	C:\Program Files\Python311\Lib\site-packages\thehow\dependency_probe\datasets\pkl
REPORTS_PATH	C:\Program Files\Python311\Lib\site-packages\thehow\dependency_probe\reports
METHOD	pairwisedepd
