[Mean spearmanr for sents of len 5-50]
0.6917470926936666

[UUAS]
0.48997617017555367

[SPEARMANR]
sent_len	mean_spearmanr
2	0.9999999999999998
3	0.8397550713612796
4	0.7195877881682924
5	0.6336624854624731
6	0.6931493971411615
7	0.6792761285964962
8	0.6722331993913038
9	0.7017006378078668
10	0.6862789425240395
11	0.697216568794091
12	0.6958706431246723
13	0.7137134767184464
14	0.6943592512397809
15	0.7056876707001071
16	0.7017363191674398
17	0.6933653636929002
18	0.6997547539910061
19	0.7026853252234936
20	0.6975121839857177
21	0.7030127322395198
22	0.6934115046599115
23	0.6981119570155258
24	0.698225319175746
25	0.698924708564986
26	0.7019254132248454
27	0.6970571377551229
28	0.7016108343493267
29	0.7009278139388364
30	0.6815404607415056
31	0.7091162327316863
32	0.7081732992927207
33	0.7088902884692376
34	0.7157955069736119
35	0.6828558208319617
36	0.6926613087130177
37	0.6844060180839981
38	0.6736065645016958
39	0.697125904936395
40	0.7027224611262362
41	0.6781289599750259
42	0.6913741389304303
43	0.6764635562326428
44	0.6948787529909279
45	0.7019926570187606
46	0.6905477883208172
47	0.6745848861208472
48	0.6738739235560679
49	0.6613690246146811
50	0.658848941261581
51	0.7054931094894388
52	0.6801926558184745
53	0.6915862537625751
54	0.6281957531132903
55	0.6527287948333834
56	0.6119267115999941
57	0.6563213101582985
58	0.6304599323680286
59	0.5894090477765246
60	0.3700283523348448
61	0.6034482070310117
62	0.7040131919971059
63	0.6308215227407308
64	0.5651482642763287
65	0.6900777624707947
66	0.6686806738508285
67	0.5849198551841616
69	0.6405346577340417
90	0.4940040473017113
116	0.4473991577448804
118	0.39760581206588247

[EPOCH LOSSES]
0
1
2
3
4
5
6
7
8
9
10
11
12
13
14
15
16
17
18
19
20
21
22
23
24
25
26
27
28
29
30
31
32
33
34
35
36
37
38
39

[SETTINGS]
ROOT_PATH	C:\Program Files\Python311\Lib\site-packages\thehow\dependency_probe
MODEL_NAME	bert_large_uncased
MODEL_PATH	D:\transformers\bert\bert_large_uncased
MODEL_NLAYER	24
NDIM_TOKEN_EMBEDDING	1024
MODEL_CUDA	False
ONSITE_EMBEDDINGS	False
HIDDEN_LAYER	21
ONSITE_PROBES	True
LEARNING_RATE	0.001
PROBE_RANK	64
PROBE_CUDA	False
BATCH_SIZE	100
PROBE_SAVEPATH	C:\Program Files\Python311\Lib\site-packages\thehow\dependency_probe\probes
EPOCHS	40
PROBE_LOSS_POW	2
CONLL_ALIAS	wsj
CONLL_PATH	C:\Program Files\Python311\Lib\site-packages\thehow\dependency_probe\datasets\conll\wsj
TRAIN_CONLL_PATH	C:\Program Files\Python311\Lib\site-packages\thehow\dependency_probe\datasets\conll\wsj\en_wsj-ud-train.conllu
DEV_CONLL_PATH	C:\Program Files\Python311\Lib\site-packages\thehow\dependency_probe\datasets\conll\wsj\en_wsj-ud-dev.conllu
TEST_CONLL_PATH	C:\Program Files\Python311\Lib\site-packages\thehow\dependency_probe\datasets\conll\wsj\en_wsj-ud-test.conllu
DEPD_DIRECTED	False
DATASET_PKL_PATH	C:\Program Files\Python311\Lib\site-packages\thehow\dependency_probe\datasets\pkl
REPORTS_PATH	C:\Program Files\Python311\Lib\site-packages\thehow\dependency_probe\reports
METHOD	pairwisedepd
